#ground_truth
dist_name: norm
dist_params: (0, 10.0)
#gev_params
shape: -0.9738111637933272
location: -90.108363800613
scale: 460.5673495753499
#dist_guess
norm: 0.0 (1717.240517706766, 37281.509896768905)
expon: 0.0 (-427.3243737215141, 2144.56489142828)
uniform: 0.0 (-427.3243737215141, 834725.8249250515)
pareto: 0.0 (0.1921735476459932, -429.8253331068149, 2.500951141856114)
rayleigh: 0.0 (-37209.51981448535, 38113.01364190143)
#data
run,max,node0,node1,node2,node3,node4,node5,node6,node7,node8,node9
0,68.26935547176089,4.608228613518893,-7.11425555586323,68.26935547176089,-13.251152991671034,-3.5170830075733663,-3.0710997996660665,11.700955985457767,39.718581190574106,14.313261658746846,2.783864852601166
1,61.29985908178223,61.29985908178223,12.085298663325684,-235.08071136262714,0.9258007676758309,46.49798810310997,-22.290859818376244,0.46544250380226615,41.03368571518432,3.6171496258049034,9.077613463012845
2,156.9253881578635,-8.816882321631303,-21.043372378256326,-12.737902719420138,-0.3230750005458789,156.9253881578635,-79.2528920762646,-3.4057088068168824,-16.495772640183155,5.462877451564761,-0.5924969443139265
3,23.083191434915,-12.04656386213249,-21.888198920220212,-9.088509439017006,3.7400777959116964,-14.022949992203092,-15.638701461381487,13.595213231135986,-26.94538692903279,17.079400070858508,23.083191434915
4,38.91003419967132,2.440164149026395,-18.902874845281154,0.036956946590872355,-0.180285132513065,20.317065027669386,-12.858844401243964,0.3193511233069413,10.273403039846201,-14.018662631503602,38.91003419967132
5,41.70489006298568,-10.300901693164581,-21.172926842802767,7.931604846180836,-3.5821582637478033,5.982834231149737,-33.72260109456531,15.693007075899512,26.074086535828698,-25.262729299426788,41.70489006298568
6,32.371838470566566,32.371838470566566,15.982226692634299,-2.430142371697303,-13.279115384505468,0.6214059555393459,29.541283917767277,-9.798471293315872,-11.208792008463819,-4.133518493095308,-6.3910459406430515
7,19225.844619191146,26.243574131508435,3.9838200585261974,1.254027168934471,-16.157751022535074,-2.9365558821412128,19225.844619191146,-13.886965963057122,-10.708223114804829,4.249225654870179,-8.378244442982743
8,100.47974347102678,33.62225093043219,-0.41318659568378646,28.271456826583602,100.47974347102678,2.513389822495819,-33.227296595229284,0.20828496323939988,2.815658743757023,3.892147873547687,59.41455544231122
9,15.57340180391124,-1.0631750787008911,-2.2374828445198194,11.836252612196756,-6.583499770131374,-60.759578917385404,-20.036680362063525,15.57340180391124,-16.982734226449676,-2.2658776020211495,-5.7666381193513585
10,16.69854851924913,1.5247962844343448,16.69854851924913,7.8823990817131655,-1.2654403623426091,-19.923608217861837,-0.5371295933853539,-29.399191738486966,11.33950370027581,-50.257422567595434,4.616746851818429
11,35.60821813935752,-3.388970564738245,35.60821813935752,-1.396336559235671,-11.751100531213389,6.024573853891507,8.389383943407045,-0.8545946757708672,-35.404463213939444,-10.469746671073741,2.4627301844713143
12,518.482424282089,5.117178283390794,0.5824845723104228,518.482424282089,4.1362118456225,-10.899174161124288,-91.28067526053783,-15.724055840471552,-74.55427058431431,-2.943009328412509,-8.546326305040354
13,131.72956429794414,1.5814419336838923,131.72956429794414,25.78831656742296,12.619292456417185,-2.921428241234719,-25.753932795094528,63.61477603168002,-13.221892916815028,13.760579848271732,3.67033985622263
14,834298.50055133,22.897048128303084,834298.50055133,-7.151293603080752,6.103440519805552,-39.3174231892296,6.521053027991048,34.81538250016365,13.500054287400516,-56.610295227053946,-0.8173346692755902
15,16.6306971984851,6.071965477751091,-51.48530190506246,-37.00424895673193,-143.72857827749652,16.6306971984851,4.145643764013801,-7.067211556113355,-288.73219199013647,-42.0197240403271,5.668587831178128
16,33.69036477296566,12.558794418567231,-4.937870601511119,-8.821158356323052,33.69036477296566,21.961932195351615,-1.6051655798458595,-12.262402070123208,-4.726680683900459,-4.062427123706901,-2.6159499772319577
17,627.609392994386,21.252021321804545,48.31351933871347,22.653637116848785,-11.933435924195928,-20.289980987385434,14.453800076733943,-1.2770909546311884,-14.856826422168425,627.609392994386,-5.945092267183327
18,36.36927551146044,-1.0548729488444049,4.860881596035439,8.219719561259181,7.364992585071038,-0.3952012109247672,11.540525862570345,5.8964096619262065,2.280809268017844,10.02225126293401,36.36927551146044
19,35.52799421234141,-13.843249808042204,35.52799421234141,-12.320780965996303,-13.120594582926108,-96.30002143882301,-4.048969481751835,-35.20333518955879,-6.320643786468696,-26.663523538581153,5.412302560707114
20,36.89514623656162,12.707906867037037,-10.494117672226498,-71.38553565240555,-4.27997668095618,-49.22371604491988,15.387042631066377,36.89514623656162,24.826928175197835,6.600349891709736,5.340170164292256
21,21.92794662393194,-47.351553883006844,-12.468944564641063,-38.77947461057999,-8.396594187298623,19.81635303544882,3.463255107425117,-5.758346902188999,-19.909657402336155,-1.245486165961055,21.92794662393194
22,40.84712646456338,-29.32943219323882,-0.06948902955388903,-59.07794487141931,1.0548018183244026,40.84712646456338,-11.336398806388186,14.75525602752884,-32.20355578790376,-98.16708205276484,-11.77160979695345
23,73.40603385822531,-224.43592101763753,2.2562189645060413,22.908828388648654,8.67405149050789,-7.467855631824399,-14.616591110683338,-8.209288789537206,-5.734745894990342,73.40603385822531,-16.90998912695048
24,64.60682650484307,-9.433442176473513,22.335552994162473,-5.237726708261762,7.441006545105628,-36.78271532482002,64.60682650484307,30.207355251011343,-6.408861244479822,0.3719474147463112,-3.3991438904879696
25,28.851969981572925,-73.38295646470733,8.771209732611476,-3.7618605190561185,8.706622443193485,9.918122971311407,-20.224817935721404,-3.36887929049011,-11.726141072630586,28.851969981572925,20.704047490400903
26,113.93924206724323,113.93924206724323,-10.220656820992664,12.212104331428764,-1.5807526939332972,4.70178919035604,-2.1561195945080684,9.037463839881937,-50.5531075520764,6.254355507775099,71.51299731445586
27,74.87359893974659,-1.4679914867732604,-2.5820746223258357,74.87359893974659,-2.2907575912813067,-9.69920121172651,6.441190073233631,15.197086178367316,-7.345782432903892,-0.28966131949403473,62.44452985874989
28,19.571572183984504,3.9691780857406256,-13.536143730818734,-18.3233640756426,-27.943076753499824,-13.115886162479743,19.571572183984504,-4.995530062927403,-20.7891734245241,5.292492786281036,-15.197005077956687
29,244.43071209844337,1.5031667982134218,13.957495913982745,-9.48817608595517,1.9084860770730336,-10.889819889414367,244.43071209844337,23.576549518006374,8.575780553231445,3.2993294324073403,-8.362040021165507
30,23.995269039650303,-5.9984322113156185,-8.660767062450804,-14.241247836648697,7.127278964466837,1.3892951205438622,14.144237595503723,-0.5813267964361283,13.265038242724609,23.995269039650303,2.2144692031735813
31,87.0523459536999,-3.1518982409695626,15.31479233515274,39.67995332460155,-3.581875859374723,7.896093371059903,18.95528310401849,64.30148297418032,32.32768219318566,0.8492040932305144,87.0523459536999
32,887.6448973616975,0.9945817081866909,1.0870816499329485,-0.6204654731278093,-3.470949891699756,887.6448973616975,13.632228614118556,-12.153593598625825,3.359430338646821,20.32254970014484,-4.7457725013522225
33,155.13924223330892,-40.988836348921744,5.913004955516304,-44.62883147570221,4.32055296596106,18.122923954957354,11.895391230683721,7.938675285837775,-54.71187084124986,155.13924223330892,4.408416347407783
34,45.83994848287791,-12.016449547577583,-17.983177280324195,5.010557803259813,-69.00118249448636,-0.5466706678530813,45.83994848287791,-10.889351281456946,-6.504460905966437,2.169102847926335,2.6852750639726635
35,1305.026260252775,-0.9502982593023703,25.91814280782571,9.284852746825155,11.466768535229859,18.369810685754647,-15.692387221638667,4.082872024798587,9.558095400450163,-4.0766148244143725,1305.026260252775
36,1128.9032634699788,1128.9032634699788,-25.93982103326766,5.522676034598344,-8.857485830612097,42.105407622265815,-5.585753297434551,-0.6954939591181439,-39.75736214164739,-9.528364245163212,-7.393486156554252
37,24.04278334742722,-18.5645136781739,-55.30371198126985,-21.803051860710056,-41.35721571754555,-51.135377721583765,24.04278334742722,23.143258093595588,-9.954241112539336,9.853742150205512,-262.37907307992106
38,6.084211720125145,-13.05722920742609,-0.2172627968292638,3.5463071534797175,-14.041728187398402,6.084211720125145,-8.795991999386374,-230.72626897576254,0.027774436354760165,0.9528098275142161,-30.18324442682534
39,40.813135450776265,-8.92279259825109,10.594085975542287,-5.269867032739705,-5.358825195737929,-42.47533238846722,13.643289026920623,-2.512259632244025,-9.371694666593855,40.813135450776265,-1.1391068814236773
40,20.27585063785626,-7.473100495067734,-2.4060163826722887,-33.21693395440097,4.248467150075904,-40.780204626247844,-28.452421807943182,4.710110922259022,20.27585063785626,-17.62867398266056,4.592842445443097
41,107.8099032276984,11.258447178322244,-31.639811364948976,107.8099032276984,99.09097610652981,12.225847858413502,12.477292629410952,-44.96954858438621,0.24518869537276847,8.657651140430481,24.968939213652824
42,13.531628159892158,3.8278123165217073,5.4260178844064555,11.23150519534897,-28.00322339466463,-110.92004304231097,-8.674443630414862,10.59724225377657,13.531628159892158,-1.773736172261874,5.569307640630154
43,32.23280954849974,-427.3243737215141,6.5541621098436655,32.23280954849974,-22.063383110374378,0.04871886987983926,-5.756823219127512,-10.368695958837478,9.290974520274634,-13.446971568885155,15.29425752773581
44,382.4147197129623,27.044381539835616,-30.158890790817875,1.293678227111704,7.852064082988905,-2.432701852259724,382.4147197129623,-204.93696521688855,30.119774253801136,-5.787377365815716,-1.8738261071828402
45,632.1276815881411,-8.166172069814628,2.259016268291089,21.925915638689002,-16.522005568340553,-6.720073476772681,-4.6031542419596345,-5.966556061747105,632.1276815881411,-11.408803093372201,30.546529742399635
46,14.391818662427713,5.254985020797026,-21.11461931463508,-3.67840826386509,-5.2274553646044355,14.391818662427713,0.7520422859134203,-0.6464422551144984,12.710067233161933,-7.1877214727577785,7.269701282074341
47,165.96630706894703,-6.979808302222192,-6.414076529627277,96.22582031891461,12.312752666594486,-2.7469184546763263,-0.38855806714555163,-35.71360224817136,36.562503782773675,-81.85296916544233,165.96630706894703
48,419.40561850363883,419.40561850363883,358.3829479170217,2.1938127931700437,-6.855526165938228,-12.465454898377,-29.199439972399457,7.288364973514568,43.70880436624424,-29.47003437843664,12.61594765648507
49,35.63395990020412,-9.636795345198546,5.001159067965593,1.1065842057347677,-6.786305782317198,8.827414050609182,35.63395990020412,26.705250369611065,-2.6321510520092533,-4.852863055269889,3.9433467948915784
