#ground_truth
dist_name: norm
dist_params: (0, 4.0)
#gev_params
shape: 0.16444259801615996
location: 8.355330781995857
scale: 1.6769102153151867
#dist_guess
norm: 0.08404961136209353 (0.0709817603745907, 4.028284890289896)
expon: 0.0 (-14.066746018050045, 14.137727778424637)
uniform: 0.0 (-14.066746018050045, 26.68000987333817)
pareto: 0.0 (55751533.89896463, -777961209.402992, 777961195.336246)
rayleigh: 0.0 (-14.074513736065352, 10.39999469020847)
#data
run,max,node0,node1,node2,node3,node4,node5,node6,node7,node8,node9,node10,node11,node12,node13,node14,node15,node16,node17,node18,node19,node20,node21,node22,node23,node24,node25,node26,node27,node28,node29,node30,node31,node32,node33,node34,node35,node36,node37,node38,node39,node40,node41,node42,node43,node44,node45,node46,node47,node48,node49
0,8.516238568000412,4.207973590057791,-1.5124675123098863,4.73959717574755,0.5329161511281165,0.8701168152094544,8.509609905958007,1.7949288038331148,0.13222903975327385,-0.5799528816454591,0.42876692809117206,8.516238568000412,2.232545281243553,1.1656595740928364,7.039680935782065,-3.19780986788041,6.307883672283035,-0.1255770562046796,-0.05321425326434951,2.37202990379417,3.8513959905187702,-5.066297719170772,-0.9104827625651647,3.393912083817819,3.2645857630437924,-2.1395959428923597,-2.3205356815363176,3.217977388039937,-3.3124919929342678,-4.817082121067393,1.5546553381059902,-0.156837261541379,-2.486314966516188,-2.3306907467539784,2.4870318457045113,-1.1630935459828344,0.14989922403727987,2.392683795335617,-7.463862222209726,2.125891493995833,-6.919901644828272,0.3985855685863518,3.123701079615186,-2.982535869458685,-4.490214478149832,-2.0152388671251424,8.070042340794716,-5.156993636593318,-0.9850050661058491,2.221451714940748,1.8737658967431674
1,8.226001998657747,-0.7979506726841884,-0.8788336223936849,0.07375511465584235,0.05101851724481221,0.08134541372157295,6.534530573301631,8.226001998657747,0.9700307490330087,-2.3873740816541837,-7.665712908430345,-1.1732685689905609,2.7038808955159834,-2.0785958349239135,1.9671908961095836,-2.2347865142450845,-0.12976732503414745,-1.214486137068687,1.3119348516748908,-6.634680780708808,0.9393541779949961,6.3728702292809825,0.1740172508147982,-0.05370563162999104,6.818064777670565,0.8304043392704956,1.09526317579334,-1.5763439884722164,-2.0542224916386016,-9.86637160520952,-2.543531662221444,2.3156926726761613,-5.553796458303381,3.8611993867511294,3.5714230390794293,6.001456382531117,-1.8129983110563004,5.268229442504869,4.208376032747957,1.4327528846093538,1.4079208310471512,-1.5187529444677361,1.2258198590789635,2.967549851494462,6.1312342698701645,3.376034072469658,6.411069822908419,4.947081370810855,-0.8356202163761168,2.902519233033133,-2.0750253172175643
2,10.007932737817129,0.4789599916246868,4.892495934704578,-4.186715855872512,4.980075817809821,-1.3952743509129313,6.7206300822204454,-0.8404726581622395,-1.2626298921725518,4.260938564227108,9.521612733979236,-0.8369117268765939,-1.5213499411348732,-2.101514771062864,5.063896985535546,2.1490024376293815,-3.233867304626497,10.007932737817129,0.07919211865726612,3.820131863801455,1.1463915810813767,8.276712765424893,-5.643911381729867,-3.571617718157419,7.455293211356154,2.2960724703465516,1.6776866661967373,3.5253584054582454,8.700641288310651,-0.7430326095601564,0.3586488144169207,2.8517724977378838,-1.1959875096932147,-2.9676441241813722,-3.8349157936194054,-2.1196045160922647,3.8170702184249237,2.2843066898129427,2.1373717895260986,9.010848944996322,4.589702449965471,-1.5167484392516555,-6.2428846837851175,-1.8133258493111173,0.07822219900503648,-0.6827563963755434,-1.3844353667349125,1.9458743295918528,1.0023864583492321,-4.669734990813763,1.932882026031787
3,10.722969933296174,-5.627760031696128,1.5451426935653307,4.872383141974075,1.399749536814715,-0.575887665512207,-2.1389377047335336,0.9515870000184526,-1.8031558803174337,5.048695862623804,-2.3690057090454655,-5.2238696022622335,3.909188885731589,0.8328070637270517,-2.4252982882679683,7.442525896469084,-3.094590809149212,8.250574485465918,10.722969933296174,0.5883690860922323,-1.0805208340997248,-4.537938498569936,-2.886772729912786,3.559203838672382,4.068318462540338,0.778170134700025,-1.5100488497441649,-0.7981982980965188,3.7392025723412705,0.7341139800749212,-0.8555845833366256,0.27337396209069426,3.2211748894501557,4.778994567760058,4.328709840989457,5.557245328153764,4.047280518629935,-0.881543901099736,-2.637569526864951,5.87204456415197,4.267588048710817,2.0256185547054457,-4.166449193040329,-2.607728010027083,3.243420229169882,-2.9281348797820996,4.858140477778612,-0.4477408240127845,-7.042423189279159,-1.2036179546179702,-5.1228436265418065
4,6.53120317930779,-1.8244671336246363,3.3871888822268996,-1.3879564654005516,4.070891682407302,-0.579777527538124,-5.975981738914469,1.6181341560604505,0.4943048996532162,-1.0751717181361653,4.772581639322614,-1.9721640418325832,1.5181687098517445,-5.276708723761166,-3.2940172523747795,2.1009815148606052,1.7372830270075086,-4.363471549342345,-5.945519664332204,-4.517075717590474,-7.440824962167325,1.1950618256693302,4.910767467203909,3.100628716210629,0.5426721379338832,2.107171854607505,-1.7272610647004196,6.022751999498779,-4.702545687023681,1.918831193828923,-3.0499688169659667,-6.557439737667412,-4.664207634970244,-2.003205768518226,-0.3385001374504324,6.53120317930779,3.6902900915245604,1.8411290769759736,-8.45349751189438,1.8585336437867293,-1.079866497667265,-7.112049624935597,-6.956577981605844,4.346884587506006,-10.07134335564812,2.8504055897747826,-0.6931154378027404,-4.116009525135924,-1.3432602473259765,2.7068726606138847,1.0829871974962648
5,9.595513222794716,4.7557866659751715,-1.6424579703750524,-0.8423066617520053,-3.3977528978776745,-1.46226480036552,1.953482571092276,1.1417200281877453,-1.7689225949553358,4.845475611933707,-4.2005500241872475,4.753792771892103,3.0326093852436067,4.297063316864056,0.3407048570833238,-5.859379470561318,-1.833828421048402,-1.7436941505451014,-3.0429382210383094,-1.6579803348073656,-6.011702845228061,-7.026508697184954,-1.404216716184504,-3.9651844413477817,-1.286973690010146,1.2745408697825114,0.21616956760820552,-1.0504232730849519,9.595513222794716,-3.5747218903465967,2.397013627931162,0.4548100933294542,-2.150964262174576,1.9162497465034307,-6.60686091368708,-6.722028771153155,3.454809580726249,3.7606728676162384,2.8523660762286727,2.4417654979293744,-5.113684572138416,2.44603942334707,-3.6763471498787896,-7.574855632199896,0.49416879266250774,-3.202728861407661,2.2736703859944445,-3.2650309033832468,1.7810336005980514,3.477084614232877,8.475473790906175
6,10.454165403404865,0.28032543658997594,-0.8150586362725287,-1.4346072550681466,-3.9528451165457525,-4.940464845381821,8.094528575080842,2.534701397668496,-4.871752437170898,4.003903303544468,-0.4147275690031151,3.451550696208688,-0.28835947739001955,-2.529508176358607,0.01208291828007788,-1.0317479253095425,1.8931568022598069,-0.8910913367575721,9.133233804640641,-7.121711097675119,7.66231439165353,0.9979960226173181,-7.625062332981671,-1.9110909354680394,6.907424452348605,-5.0943645078150634,0.48351021087986734,-3.7103610741471376,10.454165403404865,2.807980847936342,0.5189158416181036,5.924561429732626,2.563252971911867,-3.566173062920441,-0.61096852516166,-1.6608999262535717,-3.13836445465001,1.5682343291243825,-3.7740503333734376,0.6112928970662718,-4.227470231512411,-1.4829836294185323,4.7969657386717355,3.680009284921539,0.5547426107447923,8.407015992351855,-6.668138769160494,1.0763945773834096,-1.9935347084982646,4.837477360358256,-3.7721004520554566
7,9.158802632187651,3.0797150286990007,-2.3972059472019773,0.12603569145762503,1.396213621610383,-1.213530877543269,-8.373477846431758,-1.550103668444841,9.158802632187651,-3.4326849145469884,1.8483015111530532,-2.615804621566984,2.964890503190637,1.0582102557236337,1.2098618163285184,-0.9925585604150138,1.5300043930196154,2.8700667812669396,4.757655083214559,-6.950611395374847,-1.363413048535619,-5.386560908750828,2.9560776935472375,-3.022549542753004,-4.7166327236517045,-3.9956112746242356,0.9455806775858724,0.29517256031939487,-0.3746640414418514,3.8478792706346234,-0.6023395771722108,-1.354334371711055,2.0396003256718918,-1.3745261639932684,0.8399604102464888,-7.152119759916588,-2.0672582867011684,-4.375500293146191,2.613667456258616,2.8288501596592814,3.4891633957976036,-1.8470758161003706,-4.928196798148695,-4.474411197009528,-0.9501633048365554,1.9224709293474063,0.5300805301014387,-2.3437878632421882,3.1850091480630986,0.1919165407826144,5.556513086463239
8,11.215748059233146,4.237622683659365,-1.4282177506249507,-3.58272918029081,-2.693070061532598,1.5683965980004737,-0.45226223783720193,0.23660199162252207,-1.0588191995830523,-1.9317107326773446,5.142367202002027,5.09469504809406,3.544061391355583,0.42867753408928266,-4.143658496826846,-4.313068289318686,2.87602736425796,-0.8708635285762876,-3.339615669833996,-2.7153036518073486,4.325125990144576,-1.863691626944709,2.5133823097498116,0.16937253141376,2.3482315477180298,-0.3642048696746165,-6.810897371660384,9.650720107786347,5.210949894597072,3.5795080321154913,11.215748059233146,-2.2917504518537064,-5.1534637911177485,7.0548391719193875,-0.7879472820977952,-0.375920683548489,1.6105528906540394,0.6143756766597798,-3.3205932398174203,0.5042910282897247,1.6506465849280378,-4.730348849629207,8.209886055732795,-0.3718832881299939,2.757224469310938,-2.525137594511226,1.5713999471557611,-7.065402251392674,-2.0640351269157904,-1.1904348874885267,-0.6164315768247749
9,7.563868016382674,6.094853678903967,1.1016915771446636,-2.9344399524997233,3.1531832200793906,2.1521437815467355,-6.220874974589928,3.061030593214716,-1.798691803385655,-0.8939919821563056,-0.5267813745688691,-8.063779745693573,-0.4687429970423261,-6.148701298489344,-2.6659661290381815,-1.3653121749360548,-2.410451359616242,-1.4141874985547502,2.6240783628785715,-1.1000647135988295,-0.5641273387578096,7.563868016382674,-2.7227799200121985,-6.205065616909938,5.201118303660664,-3.7026617666958423,0.2864344876096509,-7.674260778557539,-1.1104254810246255,-2.5235953981549653,-5.244142273708519,-5.878501240726372,2.3095601079175827,4.460829687893692,1.444569428250145,-9.13014483153059,-5.968588687991178,3.237731500928841,1.6714707291222493,-4.747647169239581,-2.8231309065671346,-0.38057249327082515,-2.5821128598417213,7.182756027672279,-1.2614085516199214,-0.33463543967769666,4.073215102133293,-4.847513349699501,-0.18950790296198594,2.717694909890605,0.15498280236153056
10,11.776690343231156,-0.06855460960583368,-1.553061291393026,2.91048333036023,0.0827495452989712,-0.8676256974302885,7.03267692026881,-0.9274857301802911,2.1787598997397333,11.776690343231156,-4.7585642150465315,-4.242642385929841,1.3765683126717996,-1.0593273514739063,3.3323747144148634,-9.66373253541687,-1.3265378500755978,4.2762696008037855,-2.6565299327144,-1.0972662970890816,-2.5923663228063463,4.736003979449932,8.29983926124275,0.6299703391779459,1.6266529866820942,-0.37716362998369307,-3.2585434993942726,-1.2319642396720574,3.345832352512579,9.93337156832885,0.7697768447008086,8.026143476427013,2.0898206304460842,-7.219835273407026,0.0362215117018971,-4.940710457586846,-1.9376857013479811,4.865197254771689,2.8854575393182027,0.4796700989701203,-0.5247702580397424,1.0841170069965875,-4.534353928446932,-4.25832212331139,-1.890018157524233,-2.524539390680926,-3.1220246338771815,5.290850332120377,2.2755647210885797,1.4405631858890242,-0.2329130608839834
11,8.61377904750526,-0.942639813830275,8.232228458889411,1.7759456338846424,-5.347399446218933,1.3124357089233825,-2.1450180457272707,5.653661361239119,-1.9649687401118703,2.0234495780933623,-2.1830360661935235,4.843779262214136,-5.4340939515516204,3.827856534970062,1.4995064293399676,0.22048036493720455,-0.09367436190710829,4.162207870284969,8.22163047293042,-0.2978346037874816,1.5717596467152324,1.5282182669616373,6.063965749771905,-2.7072610211347032,7.6329020846443365,8.61377904750526,2.5862454421188974,2.2944842645921426,-0.5228285268105494,-8.172521603473411,1.350801080533596,-5.3508342411553205,-3.580963039496356,-6.221013386872075,-3.474456157752601,-1.3816189769691465,3.537099446967865,-0.7623991579884192,-3.566853145287736,4.494513525249483,-8.979475015394883,0.973938389841575,3.497569893275678,0.459748776808702,-0.640154863871601,-3.9353926652531683,4.308284263071527,6.970873356526407,4.567726859063003,-0.348076094497056,7.720510162967482
12,6.768211431451504,-1.5488988080755675,-1.1701161737365795,1.9270769948588178,-3.239347507604947,-0.8042769024138816,1.3007146888859542,-0.33130603204564385,4.25981549088725,5.543331181498374,-5.157007066187988,1.9308949378387905,0.28277154456642345,1.674933385583529,-7.038013695796673,1.8453111395353472,2.1083036071992547,-3.7860201809572933,-1.6624197043589561,-9.022298980625493,6.768211431451504,4.943953824255257,0.24482088229927307,3.7140425305762284,1.2677349870139933,-2.9091563431652916,-5.645806923325276,4.4349336910850266,4.204542626271121,-1.9224100254538736,-4.038942899461524,-1.251307350731322,-3.9860074148092273,3.042747701514331,1.432104132628862,-0.7221377187714115,4.643881397912241,2.1831475795719766,-1.733954364656144,-1.7342846242097776,1.0597006405905327,-3.9134139589848274,-3.8865460920236523,2.9611068872167143,4.437743451738549,-2.7053441499901796,1.3974575881986744,2.568840875749267,5.821609529734386,-2.2398919149949466,-2.939223308664722
13,7.686188658094856,-2.561812905108498,3.1887230884406783,-3.9920363234615164,4.113090589620616,4.006260344879138,-0.15275879609489262,7.686188658094856,-0.9968437288625909,-2.622326781359994,5.944879080334944,-5.398764272265268,-9.200384890481752,2.875409529708866,-2.1504846467341165,-3.8118598991908557,-3.655580051853334,-4.8518218528401125,-4.168343458421124,2.6683075443139592,-3.381205151965811,1.1118844498061913,-4.752380408268711,3.8996165572517794,-0.4090828805597212,-5.810433646750431,-0.6465543054091817,1.959300321989011,-1.2647808581493947,5.19106464222251,5.3736224077424275,2.519567669728192,-3.861700596281825,4.629848722385833,-6.507909385677034,7.44821843277548,-1.3559735244787154,5.378405307333747,-3.8061732020958563,-1.6793963557558738,-0.5349678199863431,-1.070604615630419,0.6238097413782185,-1.1643795552870242,-0.7046192803445112,0.8401608001128386,-0.3201020567947574,-3.0159006715681285,-1.5159901808318406,-1.2192619252346708,5.806274243059155
14,12.346656012816716,2.0735891021974764,0.2908402155546109,-5.390095907217673,-2.893294688284085,0.9629392530805239,-1.7111404267597445,-4.1946113862011645,-2.212643738804575,1.941737892087531,7.165360968697442,1.2651548922951024,-0.7386872975544249,3.831102669495902,0.42856519570167045,-7.952218000437609,-3.3292932882480666,-0.03483827201586197,3.877475490196767,4.9071835613499,4.561379526909399,-0.36167530985789703,-4.533986761732706,-2.5333241953116437,-4.492164382990263,1.88227599928453,1.0329541373191575,12.346656012816716,4.033093694496708,1.4841015139017455,-2.7480293051545766,-1.1697646561960617,1.540359595012177,7.8400551812137,7.09836689272777,3.7207623455215937,0.9806565788845486,9.732304210781008,-2.121828172055232,-2.9555524054297346,0.547954770860972,-1.1886559387293245,-7.183608265652,2.4313016778334937,-8.7459252910351,-7.253450580698368,-1.1226500737416718,4.450590976805172,-2.703814355188753,3.404597154307399,3.4197470509980032
15,9.3652510162576,-0.9147562900821536,1.3126178004331843,-1.9055480234926216,-3.183281741818811,-5.687061313361723,-1.1391418762929595,8.556789494139656,-0.35276476022116293,-7.971280897821973,-0.5622284048712392,-1.7057271217962418,-9.396816812456455,-0.11519289634087568,0.39206430362119427,4.197020508714401,4.858348208929152,-0.6351156693717799,1.138574296346881,0.09086687181958887,4.681369495042326,-2.3852967224834787,-2.4315467219570874,-1.917075462803626,-1.2428875541945628,-1.8507118623990737,-4.29542139154504,6.191959697358397,-2.938137196640762,-9.7017476742254,9.3652510162576,3.614473615370391,-2.6273343125268984,7.837290257035275,-1.4491131272078763,7.212110252862599,-3.970233562591137,0.4279284360353554,0.044846758928929475,6.30602835233684,-0.18368923016720692,-0.06626493325939918,-0.9493614788602687,-0.48769405693627005,2.2905259387992043,-1.7490385306894627,-1.1964579817932277,-4.443666749091874,5.48457407348069,6.690049487703596,0.4674068437179162
16,9.220953847388975,-1.465340524570962,-4.407307892180178,-3.005323435323056,4.41784412026508,-10.382578292030901,-2.9327585874448476,-0.2323497034749434,-4.7816718326405505,8.89420971383056,-3.707448700251489,2.701457118413331,-7.281767344479019,0.42548664187115776,7.1234378746116285,0.7106461885331985,1.9045187035665359,1.2025864806204734,-3.503873989784093,2.429130168349923,0.7093996303749689,-1.887106829929688,5.348387410067439,-5.679143650877081,-10.940201042866997,-2.086101568002526,0.4158855457512179,-3.487139280799738,-4.742363074433991,7.279180437335104,0.9646951511584078,0.9421496629426737,8.640934050594629,2.4761686346944236,1.2691366591649176,-8.786138852966344,-2.7821989444057675,0.15467855738362168,4.516971337268039,-2.579068886083767,-0.4673389565416497,-4.9025946197806896,2.859778952173771,1.7521553314667297,0.009918899809486494,-2.093025120001435,-3.6998341383502686,-2.100176222527573,9.220953847388975,-5.829893057500731,-1.705771747679511
17,6.5665725171948175,-0.24882869066817162,-0.3419219077136921,5.82907036742522,-3.1637452791918763,-6.267957549583425,-0.8467409344982324,-3.7068240854537677,6.5665725171948175,-4.349321248565395,-6.341650896602957,-3.0015917677514277,-3.3130565985206992,-1.6161757576278808,3.9409773507811847,3.189676325424411,-4.468262989081678,1.8051017576915482,5.010951734027099,0.4179102212976663,4.266245612284679,0.6306781987154472,0.3130124129441565,3.4465451151776887,-1.3428743426594285,-2.2733905948395545,1.8700684076563237,0.8620618613876055,6.4693494819470505,-1.6781649300052057,0.5123374720959278,-1.4335529336652388,-1.9874886352130823,0.4461709491228483,1.3021962325192398,-2.5695089031774825,0.6764799013775286,-1.3995382844130995,-0.2902371426393055,-0.24686644099020016,-0.8253345084555648,4.026660342884918,-2.1414628641306326,0.6767827552735671,-7.025635085745453,2.076169213756277,-2.2317737164125266,6.047328962351168,-1.4359553273598415,6.4265767685232404,-8.906452889446923
18,7.886806313483585,2.7847009230775357,3.204663659133058,-4.362401805006045,6.356441273238603,0.4780832750207346,1.755737435111121,2.8715609479029514,6.296853618504511,-3.5158369867175114,-0.027138215703083536,-4.700952412742774,2.9236945526461775,2.0802269251669046,2.3741973675997854,3.650828513860185,3.697424623446803,1.5183364329760927,0.2633188792123333,-4.756567647239685,3.0916248299096236,0.3671816830372502,7.886806313483585,-5.557739127647674,-0.16252012005917496,2.983727008266272,-1.215871093550848,-5.757451519392924,3.993563894643663,-2.244370433913243,-1.6854564150286186,5.047520427644009,0.0938366837775092,-1.6022374146263592,-3.1570562199355616,1.761596571327487,3.9431473310565255,-0.8024622086992054,3.367815048216937,2.5261858753643343,3.504677669225798,-2.6643291289133146,-0.1677229439442025,-13.060529322836787,5.838414960225358,-2.367040264705738,-2.4285951061205817,4.7010729158105145,4.570362088966628,-1.4310024364983176,6.593748677802431
19,9.608592243898155,0.6717100866617104,-3.146771075041126,0.11035852545961744,-1.3973482314001202,3.9220716008251113,8.892562979018349,-3.934748856361691,1.8102333053710122,-1.7349215701318859,-0.39293446282206607,-0.6379954733642154,6.721437457542018,-1.7660691496264456,-6.954047723973147,-4.156059193170951,-5.385425773541079,1.2788864196145533,-0.09214701296858803,1.103218820733238,-1.1533597601862933,-0.09149549153972789,0.5195606089195646,-1.90712673916915,3.818193358819014,1.1004211275073592,9.608592243898155,0.9289277104941812,4.744493841836143,-1.678868184834283,-4.9466892831250755,-0.06536829108082637,-1.3911302368494307,5.709952591832576,-0.3650333915390917,0.916216137381431,-0.24750833295277866,6.0067198757606635,-5.711114045815212,1.6661393090328742,0.14639474377104353,-1.2121624587344246,6.8012259056915685,-1.1496173781950803,2.2592938401363285,-0.37686559857065494,-0.6981094162434097,6.221332273095525,-0.6367386866547539,-3.462750061417398,-0.7733715718761256
20,6.859649629325805,-5.874921894042427,4.761207561874274,-0.7665376723619883,2.689155993738633,0.07633661371065442,-5.799103551993526,-5.031766515506112,-3.3546853612835297,4.044649002705544,2.3538923354045482,3.778888378632297,-5.83293913823959,0.6369972976948858,2.7356893052600197,4.166572245161087,-4.66281136943283,1.4390489692847919,-7.117634321054145,-1.7633270892747106,2.924117731212072,6.550303192984551,3.162254228423435,-11.471807677743243,0.07501954003274251,-0.9322194684775208,-0.0539886988346943,5.00650544585571,-1.2422315974664528,0.9819185114170829,-2.5700248271147874,1.1265591370884054,-4.932183114170593,0.3081690227403778,2.034966541887581,6.859649629325805,-8.902582064557432,3.686248368510616,1.9526343794192358,-1.7797705067808505,2.109392005354395,-2.580727743084267,-0.5922429093402977,0.3760128755266443,5.619019906219691,-4.062173828991602,-7.450065221153846,-3.042109059929788,-1.454420678190761,-6.604627112110981,0.4786280601892928
21,10.533641295508918,3.8545533418743756,-4.156876488487017,4.3017124252015915,1.1792072290566853,-10.65088364670541,-6.8698761451570745,2.4317248651705134,2.6356871594239366,9.613859402436626,2.420831398667196,-7.672247636991774,0.4206394637093537,-5.482420548840163,-3.241404758964654,6.858061967859906,6.9570959495305935,1.5233518057334292,-1.4325970646568205,1.4803385124916728,-3.746236831135772,-2.090902036075134,-10.341771981405328,1.1535082196689916,1.320193830345905,-4.538160542264724,-7.074169262930204,2.098598737968148,-1.4437534879128988,10.533641295508918,-7.0120127909589955,-4.118157223035065,-1.367475531020319,0.4358660509860772,8.277159830756263,-1.8627913500033917,3.8739724350874982,-0.5483141793396447,1.6771374763641125,1.1641968320389704,3.2891455648366614,-6.737492667468182,-0.9206576450573838,-3.7037821043305796,0.6659630836201842,3.9660403004641003,1.4431297439614328,3.829451494673364,0.7479438573193321,1.2375648627988898,1.4566065607394383
22,7.679800049438501,1.645686233400761,5.116791324900471,4.702625802448456,1.558378794903966,2.8708314427117343,-2.6539392536023474,-4.570299420832414,-8.21923237356749,3.3314787183578267,2.308984547328885,-1.5800618733851335,0.8630698304990584,5.746312870477158,0.4552687000220709,-9.924741050309295,-0.3775293330407506,6.055809082069382,4.37422036527726,-2.2601449203006636,-0.43722485544278766,2.4312865570864193,-5.812794321401926,0.7873461883772652,1.9264717236631959,-3.1901012989214967,-0.2748682116283817,2.944680312798896,0.5206283842939701,-5.774797961579594,-0.5172025610983305,-2.1510061777149017,4.373927157575256,2.9889000200535336,-3.714004083419195,-5.387893769451151,-2.142114733316941,-6.08210344669901,2.7934652707759824,-0.9186382854216911,-0.4585096461113448,-0.9584192405185064,0.44424466426374115,-2.2393444519961236,-1.7799883534282472,2.9389299676856173,-1.6883545067073806,-0.11619785360709174,3.5020566999873983,4.419969651040393,7.679800049438501
23,7.5792904483322925,3.309729505368812,-7.801834576290219,-1.748876696499035,-0.661369522246183,-5.393303797578671,2.4422241038421033,2.7683688929955883,0.0438771670625369,0.1293778667996083,-0.6900250109248511,-6.282109104637867,2.407542968284639,-0.2494377188770148,6.703920239209182,7.420794200355456,5.503946769247596,-2.368019637991698,2.729957833640526,4.4732323015231135,0.18756238033399164,-1.9869559129071397,1.9117309131247116,-1.3203618874649499,-3.140634023282288,0.2700079491485076,6.027852215668532,-5.095184792976444,-3.1712151671854434,4.37165994419637,4.172930948690243,2.620622390456913,5.479585273554284,-6.020856783093947,0.1560065780283302,2.218156002397,-8.919786545310398,-1.6740272695532792,7.1647723854168825,1.746407542111107,1.15760724202711,-2.3363475384930106,7.5792904483322925,3.5348479930354983,1.2478271697322674,-2.8960122064467977,1.7778773685748275,3.276827898564688,1.7723432516173792,-3.032334261320264,0.2894742992778165
24,7.847382518395076,-1.043117967033954,0.7402750704858301,3.4309693671370423,2.1166939875398274,-0.7169520159106453,6.39563042244241,5.62796367406911,-1.0677452569755344,-0.43014607581917197,2.427083850784703,-8.359177523550157,-3.0996767979559987,0.8779144523888012,-2.108027080254284,0.992848311962305,-2.030732669999681,0.15643099331615123,-5.935913908699458,1.3719173288834996,-0.9804198781003651,-3.5533481284393935,-0.03864617052552736,4.011658931552072,4.069547075044943,-5.860128440809772,7.847382518395076,1.7255967949685922,1.9386756652038688,-1.132791950256507,1.996758251202212,0.06293993550819245,-3.171218984625327,2.5614819464079157,-1.4789113361865973,0.2983025170613756,1.0234997277964364,-9.582287910371079,1.2531708896808047,-2.6083822917673447,5.402884604838211,-2.961220202905137,2.0907943516124288,-0.539272917165702,5.594034509766531,1.2931128137676107,-2.4134022310102514,-0.5382321901875659,0.5274086166128263,-2.0716741279262587,-6.520968249908649
25,12.613263855288128,-8.00426086999611,-3.261787134838978,-2.240283118633048,0.8584652425300974,-3.831262720252423,-0.4270021321415216,4.5928732820340965,-0.12528315236873488,1.7005342369862164,-5.466128099377803,0.786060217715183,-2.5908518655828576,-2.100789404959703,-5.422526607264112,3.4011327372010496,1.680622543522358,4.937157821321394,-0.03527623277405408,-0.4307328743017889,5.517201176006638,4.814580132461357,5.507026094510946,1.4849451482793536,-0.9570662448095649,-0.18738027269160243,-1.5684923725284745,-3.526929772752689,-2.8987195876872662,-1.3963847299950825,-3.541280837576604,0.5721331943853946,-0.23791630748739692,-7.5159037391152514,3.042618424561361,7.412612627841956,-1.18483527415402,4.013295670055884,-0.39463471221550606,-2.7041499957336526,-0.21837931109521877,3.6025356674474724,5.274080851518205,3.4375910348233045,-0.14168040544562185,-0.45241367280078204,12.613263855288128,0.5881401806391771,-2.678308309269432,-3.6631499265269603,-2.562289736442669
26,10.915731393636191,-0.7599067212421551,-3.8991669185001623,-8.898328220258676,-2.7324317697085845,6.0692299536765715,2.757556791720482,-0.03166431038278513,-0.1071577205150794,-2.3851444752393194,-3.688770726316287,-7.632470851579366,2.5798134072473937,3.441208236308269,-4.669702213142183,5.691903418815539,0.011207688218352782,0.6370843242100568,-2.750986081090783,1.3236079682028008,-8.027488620536351,7.084054188753886,-3.683461427450338,-0.37054541215594544,-2.199669750183492,0.20365581663355437,-1.0429819413781365,3.840057938837292,-1.9272983805085253,-1.2504868649209655,-3.184377754738437,-10.123920024453536,8.394943226119516,-1.189456424745147,-4.303802024369425,0.2621112252625343,-0.09243434943229384,-0.6728464249044391,-0.4494042464887798,1.3469036928320086,-9.957094289678132,2.9813057390682443,1.1505248647745754,-0.892588653481454,6.043657750801879,-9.266501877674909,0.5350503949552012,2.5625432425320187,-3.9673332460162043,-2.0567474640349133,10.915731393636191
27,8.099290307299059,0.4515969093479343,2.074695965013426,-4.933605672195721,-0.5888854451710406,6.435046074183717,1.9899625870798945,-0.9898569310736437,0.45174084468145276,-0.06395452597712248,2.9925970955191548,2.1939908466159186,-4.0813077471613814,-2.2788114139442146,-1.0955028469826231,-2.241162917055709,-3.9177121362519824,-4.643149740556708,-2.5366995549422198,-0.7914151355308413,0.7747211392035588,6.977621359040231,0.42486912296304574,1.606309308056374,-2.425935160881476,-2.5365370584829456,1.9127157822791052,0.33283162272724337,1.677839175673695,-1.0835042162891442,-10.601126665805278,-2.3876583538880345,-0.6074291278481774,8.099290307299059,-5.289929367732631,3.496297802357285,-2.26234150952931,-3.60368829984866,4.181000159229859,-3.6776352328854,-2.617700227242926,6.474336575170976,-5.478431456748065,0.9677697424003405,2.0917217529934202,5.957627738854075,1.2359122869738006,5.053959030814854,-7.591866610407064,-2.7759582295645266,-2.6638074194778336
28,9.840799590703943,3.3674149520994683,0.5015563772420555,-0.659769606368422,0.8478676605496065,-1.4425502479609296,5.402952369549718,1.4686018984907443,-6.215681247357103,0.8457418192249578,5.282718046901121,2.5382491387303325,-0.7684836903860679,9.840799590703943,-0.2732927731545453,5.96305929357956,-3.9501552677462515,4.559173861862125,6.782798647668966,-0.4768077635440176,-1.2316450784360515,1.148633873302351,0.12889401699053352,2.458763122040743,2.7564182220926052,-2.68786208426629,-3.7863986565271923,-9.33635260613272,-3.6948156682968842,1.6149803955445783,-3.101764741107892,0.9648824965140613,2.2806166861273844,0.4092616783572705,-0.3758058711351338,0.6926839413190707,-2.523492094074014,3.813022360047001,-1.3037860026636725,4.42141116971041,3.3031084211316313,4.155047764738992,2.4769101102610547,4.292161129121685,3.2448718763007856,-3.8296676318278364,-3.7458530798500593,-4.290461731930744,4.6709266089081645,-6.618383499681092,-1.7638149582013238
29,9.286702990403525,-3.332199402009265,-0.362230093988809,0.3646287341126822,-0.7972021835667945,-7.3928599360390965,-0.49852998634725215,-6.559691591217205,-6.665958722933661,-0.8095543499790652,9.286702990403525,-6.471519977031704,-1.8624669036963,2.4645384012398797,-4.574062135219755,-2.5414290627417087,2.3916328840252774,-9.984413740945625,-1.142600784430785,5.386670461407561,-1.815643333963113,0.48787372792239553,-1.1483415356978488,1.5716612144254016,3.9484067625769055,0.19860464882851697,-1.6724841162711244,7.822912488860651,-1.0620135361486092,-3.510033350276971,-0.530971408988128,0.14660468594349707,-5.92045984690559,0.26260587969342236,6.548994848756921,-1.4083148175706737,-1.6854756233435986,-2.356442553603423,-2.83129808903084,-1.304027469863382,2.23138001108867,-5.871102919743327,-1.861874626599783,-1.0708439309429139,-3.984148977153237,7.342087443047837,-5.117477127638838,1.6015091399556263,-6.09590632039447,-2.1853732671804207,5.090905193889659
30,12.318885281374657,2.3303056555774027,1.6713233502625047,-1.1133822005440848,-4.8977497833680355,-3.4728965666427998,-1.5637841675491224,-4.1472602275048205,2.4586642414300015,-4.459395837561888,1.2286190292016643,0.5907707506881703,4.861717048483335,-0.7925013855967976,-0.08198467563098608,4.0673717705751615,-12.98582730349253,-3.0899025918090066,-1.2743145360220391,-0.35352527322039756,7.308946422937064,-2.372865320219475,-2.1752504837356184,0.3417266217234739,0.8560366807999614,5.844359755596907,-2.4483699505295484,0.23691562952275744,-6.695301875014573,2.2838366214932235,-0.3703496553260846,-0.190738338769568,0.02576875495814665,0.2924237830421981,-0.13290085857953127,2.9292763548289824,-3.462550999471637,2.171484515440473,-3.3902066830632402,-0.7989196100600907,0.5336441596892735,4.626524559824474,-0.12829517579643163,0.956372187071668,1.44958566653202,2.340325629875857,-2.586082301364461,-2.9956173512183804,2.1895003698009865,-3.1214850253395494,12.318885281374657
31,6.265692118954837,4.037770064790153,-5.117750799978013,-6.409275750209167,-1.225648605513211,-2.6956527580695164,0.5044939155364229,2.609418680927756,-3.379005853773408,0.19859595895316498,3.2053168852744878,-0.45812076030606025,0.07824206429525488,3.7462847657451346,6.142102413873398,-5.241906890441409,0.617982761813614,5.654284491790742,-6.758635996035543,-2.079530696012681,-1.3868414502606266,-5.621221504600455,-3.0946327183318862,1.700620904660664,-2.0699107125975122,-2.015287254601477,1.847552761176536,-0.012250503675817209,3.0454249867799357,3.1794741821890566,3.9459004412320087,2.161544760871305,-4.443845393628611,-2.0564516256260403,-0.06185713840090456,-0.022502268543767235,0.3096385071951959,0.22527712708869602,2.5621513282593806,-6.572297878354316,6.265692118954837,4.106088778676244,-0.5403001833409619,-7.660741838005269,-3.2707701375434315,-2.57085671532282,-6.706007704557093,0.7275184489130447,-10.392034964450968,0.9917622073445762,-2.2434099410077244
32,10.65046674551504,-0.09992401470066524,-6.842448810852153,0.6789787055349139,6.099420469191262,-1.5003225705473333,5.945743464213842,-2.2713010778555924,2.2138118634681785,1.1934322833645166,-1.856919625386671,6.2650217480591,7.261207751848983,-8.27421140306135,4.126223112958312,4.810990489262628,-2.4874709881054815,3.2232619046865785,0.46313123010370094,0.3089406046271262,5.496581892270366,-6.422521779473018,0.30065257287662134,-3.5424674647347407,3.4036233456831613,2.61765593891749,3.1885880358226912,4.4579222891753485,7.5939044679430685,5.277288085945398,1.239459090085147,-2.010652263670573,-0.8849349439838089,-2.3150090574048563,-8.98704296765906,0.5001479138529575,-7.47840172861527,10.65046674551504,7.442281903536038,0.32398164545811353,-1.1486528493307904,1.8741907613446733,0.055441192490100426,-3.1785570534097487,5.159538599391909,-2.0661090936813844,-3.1629812450980324,1.616082757666541,-2.530339465035935,0.013294504684698947,-4.2127381859326345
33,7.820967452363354,-3.5770526436746284,7.820967452363354,-6.713454140032565,-7.786190453004836,0.4874408355868595,3.103667600260718,1.0774247954309784,-0.6468830675768026,-0.9061820994246709,0.23769600902874724,0.8117983741767766,-1.1909293737150648,-2.845303324350658,-3.9007330806852094,-0.7849570790278237,-0.6232699051632907,-2.4493294196974147,0.702349103474785,2.6079370672100293,6.714851553829341,1.3092961853065583,-2.648613473827745,-1.2747912128730758,3.6302107277062685,-2.280315849767539,4.530650598773196,-3.4266983804566626,-0.6005819012223936,-0.7858111331417413,-4.330969660226613,-3.8493421960576892,-2.814551400312499,-0.5947191284159192,-3.251537556794221,-1.0557110854216933,1.50357495703704,5.154209012477273,-2.623619914359847,-2.3358572234356747,2.6638291411138697,-3.0017354777000698,-1.4444148303026338,5.620265734456439,0.7022206112009566,-3.1956600748003403,-3.5854892706650663,-4.398925241065722,-0.4206664366332097,3.4768561339387234,-4.676083960040923
34,9.980175434672518,1.5206563622541227,0.30179683088149156,0.601343166069605,6.362438843856192,3.798213825533626,-0.8306873424011536,-2.7883072260857125,1.9415651128847051,2.710144214088666,4.048376062968574,6.562402408880434,1.5413967203930568,-1.0144279561544944,-2.2507084849136336,-8.08188955630955,2.377667913602579,-5.053245415976019,4.292891423684477,-2.5413419909210533,1.6699645211544187,-4.363810895098047,9.980175434672518,-4.6329529803111225,1.5655181138201397,3.454415740781662,-0.3254233438308497,-1.2311522189274833,1.3633647096020278,2.9040871225357607,3.442757551262165,2.302845281767499,1.2424382843299295,3.530625463848879,-0.4999166099844725,6.019802299356695,-1.00310562202353,-3.8444848743420033,4.615919647111472,-0.17020998321516495,3.7510997608877967,-0.986305167019507,-5.156444363382226,-1.1779411131334134,-0.8920132797791619,-4.921754691500992,-0.8822468738871563,-8.169669845538984,-2.825047118280692,-0.10106498053238924,-6.903144797053885
35,7.895550894401339,4.881401390694625,1.4757972968346815,-1.3637885038161641,-6.3726600209669995,2.6862093195492016,1.6255884793610578,-1.1447088364769615,4.476972821181917,-0.13396195613415973,-3.3252566072868284,-1.6985809728939978,5.009277289026913,-2.7419440314388392,3.6018687603996327,-1.3196488108085456,-3.824555647822368,4.450919279125073,-0.7975891612158507,-4.516315873478715,-6.04587055990465,-3.5919672586170077,7.510842757292343,-4.034213159347988,-1.6735679020913259,0.7601475777671279,-1.9228905202310913,1.820467772557198,2.121566974727319,-0.46898812418763336,-4.350989266770421,-7.597124981058311,3.8073397015584414,5.6659099423285495,-4.627183206693912,1.2431806829737166,3.5505830450392613,-3.9440669691489267,-1.5265885446463272,7.895550894401339,4.206205585028808,-3.286051379246708,-0.2943244358282632,-4.583246863318043,2.3322160379924437,-5.064201246608537,5.266901237156098,6.91965880457183,-1.3374217242012683,0.31659991821754047,2.6931427369304317
36,8.175726406290805,-5.606913016185891,1.7171437163275576,-10.873470955783857,6.121632700682629,-2.9401657804945396,4.0296345986521,3.1203187523844123,-3.33775373901161,1.9602685679318854,1.8643155955166935,-3.9774847994271454,0.3819001038903965,-6.2950362971791956,5.008720801195612,-0.696587743985958,-0.6932937856119966,-3.7628281079090318,4.910181561577876,8.175726406290805,2.860156968282424,-1.4036510394416257,-10.860723649133433,2.904785014521302,6.793548692109474,3.6352937078760292,7.547758144423417,-2.1738529817162267,2.1361659011652243,-4.12846877676788,1.5570938101546754,1.4384432281941897,5.938011479324286,1.8658177066518828,3.325217598436459,0.17415994370265583,0.41894059882509366,-6.597368867455538,-0.17790368385410307,-4.284043594407882,-0.4935678458181291,-1.2995576972766072,4.711045754469363,2.208708882919398,7.0168242281812825,2.4504874377030896,3.51295212526866,-4.545734279530331,-1.1276046313256565,-4.193590405358226,4.573235734781872
37,10.719169806650934,-1.2933604069406779,-6.341368739794844,-0.5862236898350567,3.613793277633284,7.133138508551866,1.8547736337856124,-1.309671133982517,-2.182553537388089,-7.927794987337257,1.2678516266095545,1.9766725761599184,-7.009182465345254,-4.3018851671385345,1.679778678070779,2.530826608539058,-4.1208887018581,2.5484590893812564,2.530930229829753,-0.17154204347104524,-0.9777858742078103,3.308101609828995,4.009438313112515,-7.751419088404166,-2.8673239032741833,-1.1374890546535048,-2.8169165974246946,-1.3843119321388593,9.226775520318693,4.780823263733167,10.27774157658316,2.495191508759858,0.9311873027608824,0.8664739965642525,4.692434020417658,-1.5445555298427442,-3.098569637438961,-3.3030345683734894,-0.46253722143872816,-1.3824826644023687,0.39840735561571977,-5.755815800160934,-2.284682811175893,1.403784985092909,10.719169806650934,-1.8291936224883718,-1.258214078616903,2.5948802551421957,2.408198253453112,2.95535824104893,5.256470010134975
38,8.993183201302994,7.265894915920945,-7.793562704769576,-4.500046567847992,-1.7985965648780495,-2.1373704750048415,7.384679883965016,-7.580134106137594,-6.116433777546602,2.4734598723770196,-7.4068243312730075,6.092015908640597,-2.6855737023465296,0.1417010037166941,-5.281059276431312,8.993183201302994,-2.240889047893772,0.6042288218105696,3.6567976636193333,0.09383708141997167,-3.5584654028271676,1.6487550702373137,5.2727669354007585,-1.1715263333957577,6.487545273606853,-7.042198415666143,1.6083104386727567,-0.6482521835768777,0.43516604898495126,-0.06085788821744103,-4.678399054066487,-1.5113998313848462,-6.133917401826024,1.4797421813751392,-5.985337158815663,0.48737984445946525,1.7227266888392383,-0.15893391911151272,2.131464946787552,-0.8221806484949125,3.931628727696791,4.799982514003206,-0.7154697886026808,6.234654042418495,-3.7200597460775593,5.900683970660719,2.602814375743887,0.9434873192363682,-7.2458371938673105,-0.43905990654204424,3.8410506694504067
39,11.273443563230856,0.8309875938590352,-1.685283977779987,-2.5625144146841627,3.5752887075213855,8.448786090152362,4.562182762330735,-1.7992431119290258,6.576109259474727,-0.5567249106386996,1.1324141945227366,-1.628111756913064,2.6493580727789325,7.144641471898285,-4.616783357011289,5.6504042046914496,-2.6053899398690623,0.16256819287506433,-2.0488618047719642,-3.049714687864538,-0.5887200082627211,1.8820613590350639,0.04254531210164381,-4.3527206678479216,4.3098595397889925,3.6818482896396874,-2.5146196739766427,11.273443563230856,-1.613693982131628,5.992551965302661,-0.6660689503134147,-3.7694628465792985,-2.3378616814179036,4.7336122991917735,-4.36931677139733,2.7915083290453233,2.8362710593745657,1.6975746493385688,2.1529693903442726,-3.502680092977912,0.04968927924583925,-3.6633613716971865,-6.112849133122619,-2.7384098588263073,2.4468510508595855,3.4066769878137717,2.839495269053955,5.878537433294015,0.3797904639562635,-6.306446270122115,3.4699064929013694
40,11.181262703258458,0.7112823581674808,0.722527157748505,-1.724461774691644,6.293655663148223,-1.8754437981179959,11.181262703258458,-0.05835202087962871,-5.9302371775864415,0.8963287038908304,0.4596781242445774,-2.892917687325704,-5.6458501404528825,5.930974588936353,-4.378297384463655,5.343506892011674,-2.1931426224614423,-2.7004079867813386,2.1779053942039983,6.028972486307469,-1.2606715152784023,9.387394178394329,2.221938825900472,4.202388679161671,2.0084589486012288,-1.875730059331011,4.45963844995153,-3.556589416145818,-1.7249840041923141,1.3511183396345083,3.742142585003568,-0.5740665650991955,-1.2536201355353223,-6.000094562951451,4.46706095546244,5.410122428397602,4.506822704518626,1.4014513301630858,0.5489303237703206,4.886225656751911,2.4068916932749986,0.4355537953042123,1.5529001758146177,-4.223319151478844,-1.1733670323350438,1.4220849330708054,-1.927573610981831,-1.33958402482186,-2.7374298312662373,-4.7586456001151145,3.2441889844053575
41,6.637890809213553,-0.45762463483405486,1.6914395381844052,0.5389502170536302,-0.6716764059337827,-3.415121844768662,-0.36370995730931094,5.712642503735964,6.231541910982489,1.0309853847186647,4.396587679467146,6.637890809213553,-9.828885581188867,-0.6907512683790178,-6.38988490131011,4.492104549140282,-1.9243073751248159,2.890584842181537,-0.8734118585885119,3.824060526874254,-4.5840307041906305,-1.337005449848198,-0.3316523431457257,-0.37320458686461094,-4.1021424465571865,6.108520257883797,-1.5084153696289764,0.7332615565817631,-5.7594520942560745,-0.015406218933076175,-1.0152864856396218,-7.763894634280716,0.6001936285830212,1.5475926631170354,-1.438901412512201,0.025833850840609535,3.033009748846485,4.443355428636634,0.10996038120613075,0.8047734061412007,-1.0909967522539101,-0.8363737404733085,-1.6941232659602434,1.1262729060597703,-6.109384017653186,-0.46192009561514796,-4.984275682432997,3.5595631665592147,2.1813547087130343,-0.22719100761925964,-2.460643884382084
42,11.989357225438793,1.7228775051178256,-4.157018565420901,5.3589718772972486,3.2547091327090074,-1.331399380011521,-8.096340221844088,-5.716061888808446,-1.4371842312433702,2.461150318918091,-6.959861949220033,2.1039063233644875,-6.560654703708905,-4.252829300734977,7.577097706562322,-0.10385417914092032,5.858995543538486,-4.469815784745235,-0.254092060794846,-0.07034021317273274,7.042439612864621,-0.12496032638353972,-2.6615212341260035,1.1759594869147019,1.6577050382675926,-3.165350676286214,1.6920741181398307,2.590245682404426,0.46687521856562414,-0.2814206725194541,4.581793584240664,8.805368109359208,7.719289515221391,2.2345707164001825,-0.047875199070027526,-5.793607724234032,-6.206656456231313,-2.3054664205703577,-2.3200038165417247,-1.4056579646567167,-2.5770619805201735,-1.808355397429243,-5.317263674505315,-1.3281613113785806,-2.8157135569074914,-1.036047471911879,11.989357225438793,-5.790578519670286,-2.367970969609458,-0.9570815269812623,-2.697458728790308
43,7.610490629727004,3.898578638592587,0.2013822569400918,-1.348583009646459,3.004427400021278,0.5933618005531469,7.313202727058283,0.17278553095535654,1.0619021366010073,3.0725269606023207,-4.130795537036835,0.10973420875439825,1.4526894810500202,3.839976814888829,1.5239906584149163,6.125986009318087,6.186372529096207,-0.6445291989742425,-0.534476098438134,1.2872404789837846,-1.0388044876458733,3.296357029909271,-1.5217730278725021,0.1687704552179592,-2.7445060640399053,-6.282802609724405,-0.3613939071296658,-4.190514185103995,6.9794868797288245,0.8463588355595385,6.298349560381371,3.12923760590433,1.0360956925609826,-0.6807811725914013,-0.1792248006112104,3.8631387469788643,1.3265659835657528,-0.8963883805660876,-0.3033699295681114,-5.440712475952144,7.610490629727004,1.2403428131160172,-1.0580851868688577,-1.0384094522088485,-1.452533084128507,1.9181095118234615,-0.9594879392889207,-0.9921702463950064,3.2756760433251846,-4.062175259531001,4.508175492167626
44,6.3881346257992595,3.2569676392492437,-3.79904548446441,2.348951982346836,-14.066746018050045,-6.264172211295749,2.340199174046049,3.455490582414909,-2.7106073064284693,-5.164677994110951,-1.5481806014209498,2.678824454955854,-3.4400150699491188,-0.11633906981841952,0.9937098963118604,5.819745835642292,-6.672673419726646,-2.4192918658419704,0.027802838255356812,-2.0371787718929184,-1.4828834654182574,-4.005015089302534,-4.177200348991824,-1.7494591363198815,3.235425975008348,5.0787267515776975,-0.5768184394694379,-9.843365809269878,1.3037565005190392,-5.215054309872913,1.3559619332423836,-3.7639079913781046,2.37752677011735,-3.489204554139337,-4.91394534003196,-4.4844108974666215,4.033619039442745,3.1281117028589747,-6.158892863674771,2.3608083816203176,0.5264067988731244,-4.927024743989174,3.7313588083972005,-2.1731084695724223,1.672868183874663,6.3881346257992595,3.7612145703914326,-4.098227941224211,0.3986831769320089,-3.8959226792845265,-3.656265233679873
45,8.499843353893585,-6.948094410711551,2.091664583271471,-1.8252705673640504,4.7201049400229165,-2.769368434250209,2.094592099360329,5.686765348927897,-1.9505168597532723,4.54012811744036,-2.8650847052180457,2.476876432130991,0.4174840580882579,-7.290029247397729,-0.45533055310141357,-5.440782401263499,-4.273526321998686,-4.908682404569147,2.2119135150721068,-2.182771724959517,1.4045646657537565,-0.3190808372940149,5.0118018451692645,0.0042216302363170585,-5.335339061331497,-3.360363258851035,-2.283758986386265,7.090360730242284,-0.21894501531088073,0.9139235941847136,-7.448340876458549,3.996160360834526,-0.40344180920928263,0.6721807283307129,-1.0551345450732883,-0.22901517247628825,1.4076518242586396,-0.7542746808077172,-0.7504076021141535,1.4197139478980898,-3.7189214404380997,2.440656045782138,1.3568171179144295,-3.7046756973823243,8.203829039013074,5.542552781340366,8.499843353893585,-1.635933791293449,-0.7866267851495795,-0.12456437807545027,-0.739528645347539
46,7.050007396683939,-5.570195092299183,4.354879210749171,1.0885712975030646,-4.342079596831796,0.4631345684012732,1.2420447018872507,-0.3887002512311366,-1.7321850541942694,1.4407125015222804,-1.9906646026880244,1.7670290322315763,2.3800162683961577,5.879538016033737,-5.463580237811482,0.3109671456569289,0.2883597440434778,4.2560483017563,-4.532690766847352,-4.084769985971417,0.836141320752927,2.666256285090605,-4.342833802229054,3.079790972654185,-7.128260610699546,2.0246568254490143,-2.05825181181517,-1.366317644583541,-0.17671184726559772,-3.4819162192961253,-1.1296895223248178,-5.742043494128126,-1.9304582941642008,-5.772569279473711,-1.2326790717603684,-7.508731700777875,-8.025083129598519,0.02162783705254014,2.678956005324157,0.5394053727946877,-0.7240760625491713,-8.648989735992663,7.050007396683939,4.14840796909563,1.2156524070833836,3.1518206643739406,-2.8475818235750814,-1.4166749999685133,-6.108276444232064,5.538218653786432,0.6110806316407025
47,9.450574484472375,2.764874166001802,-3.931577244473594,-7.664581484151728,-0.31379540327778965,-6.320043662764384,-0.7749017201548268,-1.178143578778986,5.825485948289254,3.289313731566757,6.36469843866355,0.5240078540243354,-6.975636117674547,0.4454280748980005,-0.3673341045965177,-0.7610106518440215,-13.336558857940153,0.22110858709698536,0.19985590647293408,4.340576271748259,5.303712658074141,2.371354346602716,1.4832906628216334,-4.337985694895362,3.1747630022494726,4.171118212235898,-0.2929137417975459,-3.4545277775538508,9.284258841621707,6.626937580960427,-0.8806033482261073,5.004533258425248,-0.9788996075530025,-0.8651013323554674,-1.9655830130288805,-0.4891893677910064,-1.9984365148869097,-3.66801268814601,-2.2114462174907614,2.1972425776575712,0.2260832926633208,9.450574484472375,0.24957415785263226,0.293539468113602,-2.7749507931146775,-5.062144192007048,7.9365116196225625,-4.463932049967263,-0.4089355633184573,-1.1869634353718512,-2.138785092939427
48,8.025211722371902,-0.4368209270530583,-2.3640321554920645,3.3411704753298297,2.509912077115681,-4.187336611183289,0.9173177151345517,-2.9371321061898055,3.048246602023984,4.354883693664622,-5.308128874190953,1.3194272183170643,-1.4068131296337345,-4.9302873135892185,-4.813491946286299,3.12954189160301,3.90119596750919,-5.575364926176517,-3.625913830853172,5.313695103606058,3.1974645847699072,3.3701842877219,3.5126243844430256,-7.5723845513021555,2.5091965409053385,4.794287929446671,-3.394392645830429,-5.800921701764123,1.6712349897731837,1.7037672121846201,6.790529169563677,-3.823688985589314,0.5614073713695457,-0.10419639470378267,-0.7334405939129187,3.0140827331371027,-0.722243348334807,5.165250969107011,6.249654527344082,6.580523297769354,3.0408825183539743,2.5731696974469283,-3.5436892082453224,8.025211722371902,-0.9557679029082866,4.073138754980821,0.12307627583969938,6.414808127869843,-5.002553349121013,4.725922157804617,3.2781657594112077
49,10.255978710276912,-4.844757597939961,-8.693360314488203,1.4326142067904297,-1.985492661401248,9.503779325181467,-1.045642874345152,-6.688223211076644,0.8079543550952317,-2.3432608479363113,-0.6291084683775833,-3.4156646887078193,2.508033240167775,3.5659298811464226,-0.6650645720568036,3.8856099609830963,3.804544634659537,0.39149870770173145,-7.460370532998032,6.949140344925787,-5.057424323432147,-6.355652285881212,-0.7092525320454345,-6.433442591644001,6.979623529926367,-2.3495230951708455,-0.7487869961572295,1.671172718298341,6.616477784555192,-2.0622843694397384,6.073534303607989,4.546769247189701,0.5775003301722349,-1.7651554469106374,10.129493494094376,-1.5523106226975125,0.7261573863165648,2.7472662595200603,6.65878744019081,-1.4268702833669344,10.255978710276912,-3.459194553203236,-1.6741879474591481,2.116164578254508,-2.725675400568083,-1.057292223884232,-0.6808489049782002,-6.5842646597895715,-4.292409962649643,-0.23195421350185635,-1.3663256629079512
