#ground_truth
dist_name: norm
dist_params: (0, 7.0)
#gev_params
shape: -0.8129442476181147
location: 99.29324999819255
scale: 127.55208611866979
#dist_guess
norm: 0.0 (4.796629362572409, 367.37033848097764)
expon: 0.0 (-5169.08882472466, 5173.885454087233)
uniform: 0.0 (-5169.08882472466, 19641.56269563925)
pareto: 0.0 (0.12557836991823398, -5170.953071183078, 1.8642203381883284)
rayleigh: 0.0 (14472.473870784925, 3.612268725858044e-09)
#data
run,max,node0,node1,node2,node3,node4,node5,node6,node7,node8,node9,node10,node11,node12,node13,node14,node15,node16,node17,node18,node19,node20,node21,node22,node23,node24,node25,node26,node27,node28,node29,node30,node31,node32,node33,node34,node35,node36,node37,node38,node39,node40,node41,node42,node43,node44,node45,node46,node47,node48,node49
0,1687.6703518614283,-3.253785233077786,-3.553961702573499,4.630340540061657,30.777802441113185,16.643962502799795,0.5223073312359763,-401.9281325848541,35.47067004861454,6.26519110717833,-4.506691105160762,-6.177444695829283,4.488245777177499,15.615097623870916,3.81658015602631,-13.003733895453163,1.1585913974225563,2.0482687960373824,-0.05144642097431587,29.19378529192798,-20.68808622542052,1.0363173258790688,2.4089178600426937,17.414916919226748,2.342107580225306,-37.86888178018971,112.40590504821552,1687.6703518614283,0.19327439523673673,29.20038342453102,-17.27609547597133,-0.8011850130329115,-3.2173335719993563,-2.033190087402907,1.280259976435043,-8.422841219300135,25.207021171735235,-8.37798147507524,33.911875865900974,2.836975474373418,-7.6693387647886695,-3.020340259932436,-5.6914158418035665,-4.973702797866592,-3.5951282731329157,-5.4300703051896555,6.7711065822266745,7.585413803213914,21.20182262011629,-29.84310853801072,-16.318625886559104
1,72.14364505849218,7.42310882403496,2.867835254510214,6.093454649330588,-26.221036210680268,2.7713130819437564,4.516947757471161,-27.963858768048514,-3.1798107659529995,-0.8224882119794905,42.85788612141731,10.90586570077649,-2.867887721800486,26.67912609428065,-55.74082495059359,38.031360668135804,-14.129037593373717,-0.8560583937844273,-220.9705706325715,5.2419128242980255,-9.394596101044328,6.1785407008688775,-2.7311162847545303,-1.0881015393348963,-4.944438994807538,0.19795772110339788,8.085182758409978,9.880789720494464,17.357005299243895,2.6596564509005325,7.7730300950278375,-1.6579054037617347,-21.770531525390368,72.14364505849218,-2.240743651943043,-5.004371705230901,27.099851724144425,0.1592764212469236,21.85498215700732,1.286278412752265,-512.8187410132642,32.95485762919286,-4.818529805296402,6.836041435862645,5.8205966085573175,3.4315911004553117,36.26266064663476,33.14925016973925,9.326522437682563,-6.579871449450936,40.17940137533798
2,34.33248987540166,-1.068356397052934,-0.811116156035812,-6.363143713736963,3.733171002657814,3.6026601077669076,8.690517122612793,11.115089020813368,-9.080970739066323,5.585989752441707,-1.1519412893607366,-4.594252375231318,7.957294866999582,18.091182770888523,7.3117769501356555,-4.000498748647652,3.0585321472181417,-3.787551211652549,9.398318938532158,-4.374233146494296,-12.271685413333264,2.6030867366957713,-26.813950084882265,-1.8067496516351316,-39.91997527122955,-5.5912653075471646,1.9945978299496687,-11.130586747758912,-10.763439573941891,-7.188363272432009,23.82718446697452,7.13910117702817,6.028097787047281,-1.4848003758493264,15.684989007635886,-3.6517704807820097,-18.557124838956092,-62.6627799345149,12.831075203712773,34.33248987540166,3.6191433405151825,-11.207644407174271,15.877626764062295,13.297400043227814,12.429678664015393,19.65942725026471,-13.270472408131916,-0.8131933047985759,9.372432485236162,20.588852223136385,12.4573965514962
3,280.0920405800746,34.588248466835594,-141.70643285326778,10.24617647861201,-8.106677851547573,10.77081415599495,4.531571426787383,-10.363956188612892,1.3230912000922468,-3.103834905499814,3.3301943765143465,-9.31394003339562,0.39952115023097967,4.5401205053762554,0.05376909696888765,-16.752134176902373,2.0954137332262097,-24.06019196668243,-5.82101041694285,-10.830425758794641,15.703001328889716,1.9333905767605604,-2.805567784141787,9.367572186637124,-12.357501049496186,-4.303791953620091,-7.888553422077386,5.062917231355172,-9.136354621753853,-9.57775726548937,-1.409744889534335,2.7923815696758156,-7.921071867136179,7.177140889580861,5.297984730513733,-2.279715280561393,0.1685079980833799,3.1644511915844293,280.0920405800746,-2.89080123981349,-259.4472466682239,26.052172040872275,-20.532385475313546,11.232918166103612,-3.402730294462603,-11.276468163416844,-4.305901537912245,-15.680464997276607,12.93765640065042,4.671001992544901,-0.08892573332759728
4,309.73059227896584,-24.51309676823287,10.296710664669728,14.449193007044807,23.63431217513742,5.458724349442466,-6.202174783504159,2.538123370750379,-0.8776146961184641,29.943125583172957,-9.13173307199339,98.57256280287199,-11.217017898407997,62.87421747521026,13.297322422675752,5.0881241507172685,-1.7987383437799567,17.779746283325153,8.91909149626959,-0.32716062789053496,-2.5632578195098223,-49.51505320703289,-55.66786557785211,6.520801089151717,-0.20563151465051566,1.230014872815128,-6.080102412074872,15.396909016276178,11.27548384996951,22.199930049115338,-6.47861545009099,-0.36688627498565235,7.440576106142724,-563.243899695095,309.73059227896584,8.569971465988816,-8.020629029727798,-6.24963238302991,-4.72135782122022,-2.49068521559749,-77.66898113595774,0.35900786224695025,0.38131098806824537,18.0666655891188,35.925124087298265,-7.0671450969944125,2.3030934033921793,5.614013840491716,-2.8203814757667067,-9.80809183487531,4.505371360016096
5,37.18052606244049,-5.593215278472412,14.058196120234125,-12.881321312886454,-0.7198781496263537,21.210762810925164,1.2917872780997293,-0.231782566743006,-14.540663105730218,-3.095125138201461,0.4280928748866821,-51.63053047261744,16.576504622000442,-287.41259268232204,-5.496670126786061,-19.762458549694596,30.334843124899656,-1.9245860075739265,-2.6663581458719605,-3.277438565408345,8.233165466662461,-2.6635588551615945,-1.798340792786367,10.104085068521947,4.192258712592643,12.974875847678653,1.6829103503034342,4.8437536044927185,0.6168258812512467,14.442706721162658,0.051670459282054,-5.336948155899074,16.81072243846216,-7.793707913286767,1.3971506626199264,-4.868550707917966,9.431632584297102,2.359263279461303,-3.8822777053608557,-8.911667058042218,-0.9304637487417848,3.9647632142640563,2.433495389672217,30.02046485195489,-0.7673606337331774,0.776568664686833,-6.639750568535303,1.0181827546090132,-6.292281680834854,37.18052606244049,-3.0388968790818374
6,481.52492104650725,17.756525044817216,8.912054325020978,35.196361400018034,6.552586978789296,-8.514687437186927,4.046445076125734,-3.243245708321265,-4.236852846247237,6.652806819386919,3.995786153466069,19.713765564578857,-4.989419883381541,-13.227771661745582,4.469685472834838,-9.602337202201163,93.75329801629053,-30.113754984978137,23.374400639867527,-0.10871870582397561,-67.03908824032217,1.236153600288554,-4.090961569052981,178.10266093061958,-35.15615917236131,-5.160079221178821,-1.2803354612993483,-22.59535035387884,2.129970224710872,481.52492104650725,-6.062584407899932,-38.04126400034342,12.14973253339427,136.3650969813375,4.98522823697699,-4.858680987525733,19.67226243066554,13.293438402244758,10.846057516341263,19.616177221913283,-3.8558104525966126,-106.6715310105764,34.05899270255595,30.61583335691914,2.4286476103914736,-23.85990630739885,80.1015633539825,5.1729464481693785,-20.203467343977252,-14.403993375605852,12.538645947718802
7,275.3710835625309,20.03786743887998,7.209756873309209,0.8506441971788608,7.4358968842804565,-0.9148121702386063,1.9071583083659998,1.9711596775156681,-3.7460676962073176,-8.78292882334835,-11.151188913160976,4.233994207801939,5.412772448212211,-7.200396596402116,9.384191710261778,-2.7305648557002185,5.894154300447912,-1.1678487470143877,5.096150409340663,275.3710835625309,-0.4519014711188024,1.605809500732799,0.004651587178564898,-0.0927646841022266,3.9272561039651634,-9.17252905929022,-3.2582940223595847,1.6849276152512205,1.1637186036797103,-19.652067782995537,-5.903533871361945,-18.671907876824676,4.859525046823719,9.162521716593556,-1.443862916609609,30.471949486626105,-4348.520713060956,5.0757060417797355,7.089049330728706,-0.19830953042829738,28.229165952381756,5.370824294247361,9.251044964612387,0.48512281042641026,-3.397375671065164,15.905734499211551,9.232310009439837,-534.4636104727991,1.7382442938804057,-23.77192039296998,1.184125267062996
8,7300.809997997147,-13.070174473807567,-5.610124976065628,2.684561588636871,6.23110451933116,16.338443692809218,1.3181644127958567,-0.933335650343563,-784.1584858529799,9.826394104131655,-60.43321281349965,2.127834007093614,2.792372180500496,13.006374890517776,14.419720103568348,72.7206762108272,89.78246071491692,-4.623676956197733,-12.243182537057244,-4.268273410358841,-9.498726371841595,-0.6919049512261287,-2.971390382881101,28.867258477238103,9.76345482175348,32.17791579608876,-5.782662666748498,8.736032241572275,7.354232716004648,-10.28668526135739,70.34895028204195,4.782698320964071,6.04649865874447,0.5081164109778075,199.5825672242737,7300.809997997147,2.2925569883510293,336.80582730253275,-5.419387314999273,-1.7953662113783917,1.1155430024455246,15.990581311143643,-15.762631818538742,-125.32000647006375,-4.850970479563291,-3.9976046389192854,-3.350121961651345,-12.124225860385867,0.5443632892225028,2.3935111284365522,-11.518143236578137
9,236.90818131480057,8.125493579342605,-24.258995776401488,-1575.261621002726,-10.867810440477939,1.3356319041577558,5.218899454780924,0.3721816725315443,-8.618814795560475,-42.089891135171484,-6.527654025073198,-14.11998482331359,89.67745776799453,1.3025856656865844,31.3179315029045,7.850515111831159,-11.42825383985285,-13.935180593422931,-18.356476376873513,-41.36265033039317,110.62713511038197,-32.89481030863051,-4.241742202290949,0.5239338322330536,-9.116358561867093,2.802539941250903,11.511785292090904,-1.1307630608571642,-720.5148774619851,-7.5944122335061,2.564726328246675,236.90818131480057,9.303912887787364,-13.533920554913752,0.1788106451146632,-7.107887844585202,3.1921131742998488,-15.192494996759047,7.49350332680695,-2.771664923359488,1.555938114525246,-1.3015962173065923,-0.5674425537754149,7.269514437913972,8.396180948089164,-5.592065773552834,12.005149975135016,10.5700329101559,-7.429104069117135,-3.4683348548937096,34.96798934475517
10,55.2575734213915,-1.1495449901950017,9.31893174565564,-3.2826452577146403,-3.5057260523372515,15.447094579316962,-22.114029051163108,-1.7155722418016812,-1.1815242707505782,-8.255620688482583,10.89723016980376,19.908650204167955,-16.900355680150128,5.895696636147158,25.663131159936103,0.6246007411135268,-4.378062953859942,6.182251743720336,-7.235306293019515,10.256311124409685,4.442185314497593,-10.177034106320178,0.9039078734529344,25.111140570759744,1.9451805917735636,10.236072763264707,-165.17937657052786,12.319843272717193,6.260417928212042,3.037746889815917,-0.9222690195185315,18.347426952675583,1.189612698002408,-6.451189759910459,10.824830852070125,20.202606634247882,-8.948784215221263,-1.0599400205977878,-42.14949735068242,-1112.2737117848294,-6.498814462375416,-0.6224879409418389,17.92155067306041,55.2575734213915,-163.90392986444317,8.94743171730609,3.8466475013181882,27.52582388018034,10.657128686214936,-2.286341237759848,-26.87849868976912
11,235.25355417300355,28.875323022008914,-2.4916058899882074,28.40605281406456,-3.660334042335181,-6.095956251077212,29.873261044240166,-1.3006422732591145,9.38238373536328,32.4426113808279,18.561774553480355,-34.2924161089572,-8.0595353172283,7.822941507237651,-3.0156807519566966,4.194413125817995,10.691439005667654,3.0827373045214195,14.190173619749014,-31.507058429642022,24.626553160792675,1.0509232064913787,-3.3706716056485138,-4.013638223499516,26.420206732650296,-13.005665304746728,-4.354584032991062,4.473987954931519,6.312184144854341,-24.775854922693554,6.677916159145143,26.75095715242049,-20.890751419748838,2.4079372044241056,-7.633467818538044,0.7128856726797678,0.9494993615004281,-8.881230905694398,-2.7820035265883503,1.2306762874899522,-3.8561685633724156,2.5519853999739515,-1.8904852502802616,-6.796929606394407,2.510006957806608,-0.7070017331241815,-5.751460879224306,-8.762004088215825,235.25355417300355,-29.655114840259632,-1.9803863607958785
12,90.6672052356347,90.6672052356347,-9.750742931137326,14.201572735441012,-32.029895423393775,-1.2106355083991684,-26.14564880582754,8.290457426626064,-6.637874188878569,-22.312581462826532,-0.09848269723174552,-2.271779478928864,-283.06302374199623,86.27744363050702,2.841135289838439,42.40059987153482,-0.3959589360029936,-6.526467374521923,2.8760042007257884,2.5883507515442936,14.495701057446755,-2.879865075868576,81.57380889931824,22.04848188388883,2.0182361352226077,11.205516648687093,9.187501498027478,-3.7644903256710465,-1.9293266178831074,-2.0792962815041856,4.625840207996564,14.315708805791019,0.15360138838654014,-19.092272135510225,0.38374533952516615,1.622375477056154,-3.938285588536675,24.130669430861154,-14.557201514848643,-171.53538901456665,-10.301622009303877,18.43299362049609,-6.014933522718325,7.88217492191533,-9.022800945131719,-14.659540007537577,-8.496345789595692,-31.991008987618933,6.942267580072895,6.183279336834941,0.31861544466825215
13,52.88666565731316,-3.651480599482685,-5.060323317096855,6.507630407819165,-4.166851677304256,-38.29819965388907,-7.5154553477503345,3.4969971022062416,2.573559259487328,-2.9774748449682886,8.336021556568143,18.773414127059713,-11.191856816020938,3.8226602523405444,6.083515753003546,2.2866795118441474,-5.952277855402744,-73.48656232928276,-0.6304947637334323,-11.110946649911698,-7.133318742573877,12.257506119291167,-9.756292926069763,-1.8229068079465882,-3.173830568944939,7.794794508695234,-16.197416438839223,-20.580415980887185,27.205916268789398,-6.751626988368034,39.14011212012287,-21.949016290653574,-10.580883020684452,52.88666565731316,44.721117200305706,2.671914462033706,5.715391337259064,10.605038787635001,-170.90667605985985,2.3114835718237083,0.31997689488892855,-1.4723029334860587,-200.12651004546373,4.806789644220666,4.875433735330965,-167.10514101986269,9.529107242152556,13.290227638820161,-4.6637917521453165,-64.78142942062345,6.833686048794939
14,1376.0402357514538,0.8268600395275933,11.796200939995074,-0.5554683826255106,-27.39390146318742,-32.021411249584126,0.58452861112933,-6.7357998246947695,-1.8388554912520036,0.5437038089302133,11.184803291408382,-5.063535993806431,-276.32626419778865,0.7127671478594716,274.34462882231605,-21.77790580185823,-4.40907959651424,26.007373924145607,-1.5369705971890353,204.9752400728833,-15.162653335165688,-1.8316895302909493,26.348084966459854,-21.573642620990192,6.227634293159172,-9.787026623070792,-0.10276976157625954,0.5172599937446071,-4.458547380184773,-78.99361847190822,1.283725065090876,1376.0402357514538,1.6956198088673777,-8.86652745554645,-6.8983563312771174,-7.187149238205407,-20.668605163706594,4.347677962185456,6.532350177051953,2.3603789302872116,17.956498955648364,3.375660712427531,-5.5679958180666995,1.3680565540218956,-3.978639095176799,-5.7242279366816735,-0.5653331955516785,3.6086494933229867,-2.328597752281317,0.7536415154249406,86.33686209923891
15,14472.473870914593,-5.313518136909719,16.547526773456198,-1.2093880944937945,56.21016769290147,14.365441553754769,-121.96822251732776,-0.2792153762737509,-23.41758520244668,9.96396446898589,3.3605711646743868,-3.87348780600762,0.7978097756118063,-2.7941597184311493,34.433018390156704,581.7314076227256,23.292227363044063,2.0339196864640017,-3.9037034155477315,-3.2803787500893855,12.601074776623859,6.732037909906186,-2.5259421295892146,28.99063080714077,-0.2442391565165396,-2.0321586218364227,-36.06213075055783,35.437261449400744,-2.227172725580812,7.598967962781457,-5.396633369284829,-0.0804398649183955,-13.448102801883243,-17.412891669942987,-17.957857951529153,6.691554204397713,-1.6894775308497403,-5.579365096134726,-34.157435992300854,30.799914427013803,-5.4464748909240654,-113.11805020533289,1.29461468416909,-5.9238138736948205,-6.538348754103051,-1.4520793136675014,-42.642596801533315,-1.354593436659041,-1.038777095337416,14472.473870914593,12.461015924970216
16,79.00075462877865,3.637858984358521,9.412477943955082,14.821783570830078,-5.111821267871434,9.013000910254648,-8.236306184143727,3.1619302127822673,-4.915578676212779,-1.4385057087223463,-56.43931630128867,35.005907960368326,31.84603072385058,-35.2120284122898,1.0742986305498718,0.5605566277809341,-42.176848338521175,8.15976850471169,-13.204528713719023,7.59603793958936,-7.819445760777207,14.024318133237896,-10.237464534021683,5.830184523486126,-13.627252921817831,-3.0541318925735257,-3.2747179685963292,-2.0692139737650006,79.00075462877865,-2.195110834115361,5.108362041252939,-8.238936290160575,-1.2061223384707667,16.312810162102924,-8.152372647240629,-10.672584303146236,-47.20758829054415,-3.1983416446379707,-15.541904466699343,-9.264566681665078,0.1872417450906981,5.187510005332108,-27.669273665286177,-2.2409769319530883,48.10248418231753,14.596476878714405,-1.5227915643944216,-9.751172071260873,7.410780811522956,-4.466585211811554,-25.208606549722177
17,694.949027584236,-7.463566682981904,-3.287071246320139,4.122388923989841,-3.036133968046407,11.492565903014839,16.371059438816612,5.125197659254486,-1.1255455114481638,-0.06436535677668263,5.301483118077012,-14.57177826779921,-2.122167385709597,-688.1665817371361,-13.022540538772303,2.4536709439397772,94.19265949319123,24.048593388470355,326.2059112310639,9.423728981183665,-4.073094010245461,4.65248714945738,-4.515677014561078,-6.075056839233703,10.550146996314268,-13.80501981446199,2.716698597932702,2.2136606196614292,-7.938449454269481,13.486677812591585,30.86819878678161,-29.87362509018829,54.9068968830723,215.53423968917525,4.523326538276353,4.8558636045481665,4.950261324237995,332.0862053745803,-1.8573759481182357,-68.28291021702466,7.328001585910983,0.46626004479048355,-52.25542722480648,44.30909420666971,-15.468735528613442,-6.659756093591377,0.9304390163855596,-7.164441211679563,-4.435581839156512,6.671140209562447,694.949027584236
18,34.74018088960643,23.908149316034166,-5.3583810851386025,-12.85330097729797,7.285733121663577,-4.536118654374216,1.677157062173959,-13.705753015071624,-10.457694075470613,9.327377546103493,-43.65600162846158,-8.23391005160485,3.476900905390062,24.441406087412602,0.7643880692123334,1.2628280301298656,15.603827122972511,-23.194522008751882,-12.678406844632576,-2.9592432539343068,-0.13233315956852912,-3.4128804931013907,14.028261016961284,-34.36406658753009,-28.91719412225411,4.749602341093128,-46.274921957554156,-3.2514553511042323,1.8516900992558392,-15.44321274833479,25.030457231543032,4.870449933200551,-1.5830530045816367,-11.87931096166166,-6.000457078490196,-11.811830863185508,-8.095116153790489,1.9225071797751188,-229.92874334369978,2.821330081444009,4.893732930671599,-26.005130358784378,5.577220577255099,-29.698440636809416,-72.95101397200858,-5.267640701604604,-32.90105444914118,-1.7602395232986492,3.7591806363587894,34.74018088960643,4.402278757559648
19,41.69797249423623,-10.771558467222665,21.790833151735605,0.4050483219403712,5.076324208025715,0.003410206044395074,2.732901886984833,-9.971316737719148,9.252662483255943,-19.293889724447915,4.432706714606172,-783.7382615574927,-0.20562138084741532,-92.07410642980581,-10.78805871054038,0.8289773432873746,2.0923353157845144,-1.421450188124994,-0.7890262985121648,-6.728630197600554,-11.876994111050342,13.850558184212742,2.5389802669479438,18.449260826979447,-47.60253697554192,-17.54535055495152,-1.212418560217352,41.69797249423623,2.0039825932339115,-9.760740452946354,7.587768220983776,17.822349520068848,-49.46762761628994,-25.331103191357116,-100.70462403399591,-31.214430755536398,-1.0195189482829161,-2.824578613360748,-8.688977326043954,-9.71768362728783,3.000524529922231,-4.130674861647045,3.196913870645919,-2.826663981247222,2.0795068047087892,4.850323264045156,-13.780705179721487,-1.3705947188747272,31.379635948038057,4.80376703982134,35.30400729833395
20,31.48911660214303,12.041317998014444,0.11093971593692219,3.3394051519650763,1.264334158706104,7.342955676989611,14.074666098320222,7.6931826309531335,31.48911660214303,-99.16743822593693,14.323099051137119,13.97714293464552,1.839099853716619,1.196329715915483,2.771387587060532,8.569343034665621,-21.926444878027922,2.1561468966500676,5.754380883935804,0.9450775326253247,6.379013133421805,5.4325341655304955,-2.5163693969135656,2.350096490455865,19.3682756080323,3.0108512970972052,-8.706091704614627,-18.888049792852062,-264.25897711840474,19.553729372495063,-71.89555511685968,5.029281894851924,18.782940739877354,10.887280924263562,-3.439067222127067,-1.1370249006331619,0.8713974814519649,1.7750946671871772,-0.43200371108112323,3.465075046740183,22.873449796482394,2.6378672785215,-2.395494689692254,0.02460620644593824,-0.670022209617782,2.051056451974798,14.165845901752364,-32.81529195801098,-1.157259844585141,10.642185719569955,-1.9056690040459492
21,40.620317490484524,10.922401486702022,-10.146433985740664,5.444583996356131,4.892710205985485,2.6866953757426204,0.8644330763479763,18.841543122778887,-1.3926076209208493,5.872614060085538,40.620317490484524,-1.7006576280481578,32.018241419975524,14.006336438709432,1.4414808742587175,23.295928920661158,-14.805117591368955,-7.04595942161388,29.1065569004009,-4.653857728684487,10.815818753909003,10.785766940314948,3.739979567270926,4.593290261623736,-0.8020404158031689,2.125335249668631,-89.57105202510287,-4.12198577446475,4.041606510859396,-7.32226723838718,16.370212255232637,21.19141912360163,10.84653973344723,-17.831890687633834,27.72743664848941,-134.23689937427756,0.21095529023083903,-3.5797172222798617,-3.7848157964067624,-0.5203227502361765,-2.4555014578808834,1.1351504901663063,1.4197984083808952,8.157302967031667,-2.972504317157201,-87.81742765268459,-13.987902859235607,-5.909535558267965,-13.755574832255293,-24.455981732024313,34.14365802526587
22,73.03080662080465,40.351339468492206,-2.5608101423165204,-9.450276580966701,-0.6664546291081582,5.507151130526966,15.410951574597316,3.8075970355823827,-22.911763871774248,3.0628262189075146,3.412757348439913,-0.6073436224825376,-11.194073311194645,2.431205847126444,-2.9775125129907956,5.039416867531507,-17.294037963799653,3.6705910599821334,-8.456806809947931,1.1036705178681545,-0.6671976971136178,11.874892332909209,-50.58996045726718,73.03080662080465,4.033108248837781,-0.4831345700689078,-10.6410655485281,-111.78636015047546,-1.9481202353617801,2.8025053388581695,41.93001203702765,3.6283737867359864,-2.2062092574073247,17.373126700772247,7.512701532207159,-8.316828248796478,9.810431726889924,5.805288849095021,-8.778739100715732,7.552463742469544,2.9668132729839094,-14.257463658011085,2.3638409616842413,-3.5915248386504035,13.51554878409658,-13.064870411165046,5.694103514215097,1.8830128485487367,12.857367264100287,15.755516524129343,-57.675518257132715
23,70.78251574251686,2.490904262230857,-6.072894796553856,-7.861181967715591,-26.63594677502061,-15.303768660887474,-6.684444169121407,-5.341566260004007,-4.890879093457337,-4.625194852230397,0.2503112629799563,7.355340202041253,12.963310204183742,2.5987592574669214,-8.597621317911567,-6.048833302316854,-35.334660637951345,18.80628268334667,-4.6823359857750395,-5.363216054850637,6.517773979034967,-2.7943724723253407,-35.61748118189426,-0.7590028386385689,-6.285714730664522,-0.0970721677312178,-8.271620398680179,-100.75163516729631,2.9788455184261067,70.78251574251686,-30.040535211475774,0.6997184334461058,-5.105730262059694,9.920719473720723,31.54911758548368,-1.7172289282809416,0.6687407118190636,0.16656993231245715,-162.32978206033098,20.154499645441696,-27.615302050514757,4.303807937950924,21.347279573147674,-8.057136359507712,-1.3055894872384746,1.5573317285772381,3.831701381258954,17.126416710547183,-0.9974461766401638,14.38908029561378,-3.7336591524003824
24,120.42142388255348,-0.6504666690121552,-185.44556052552633,-23.879282407868804,-7.380244770816952,3.436944078136572,-43.07920728891849,-6.038963921365824,20.577516062803063,-6.975716750213609,5.399780839764771,9.154817062819394,1.9089287309260157,-13.975521364612518,-12.257638055422149,-50.18379787675571,-3.0384717813107107,120.42142388255348,-5.3026031333647925,2.6363406352301175,-5.76169699244509,-28.192748021253507,21.640194514277873,-7.837102710353095,12.87147033069751,-2.2898289637183717,-3.0644605030788603,-18.871282524453655,-4.232702242992025,-6.479646049822312,-28.600136354509555,10.010765785383597,2.531654037087168,4.790560567591464,-1.4749898759970848,-0.2887040799337667,-8.023502551910378,-1.4391365007316974,-29.642438079176678,2.470059699463386,16.553676927842073,-0.7516161629716342,-9.30281959182935,-17.716757731808073,-2.1619946865117963,-0.31980782752901554,13.641537489558585,53.38296319088948,-4.07886337303777,-3.659452867103451,8.814887327834716
25,189.1670942396743,-1.6539465937714348,-17.99658893919675,5.235381170114603,4.225185882460928,-5.907179468736883,49.733924539077684,2.899133945993629,-1.1881613174765966,25.911369942270877,4.930970183318204,-1.4833195576192912,189.1670942396743,-77.49688363184411,-30.502395613854713,-13.290815056435505,22.0842042099294,0.20213412947607354,2.0594921717698895,5.512185881039878,-215.75950255529676,18.807729324902038,15.53363609338496,15.77259005977497,10.258676013120454,-0.8284627105325724,14.971205380165785,-19.783573017555756,-1.4597764334969228,-65.09509309937519,-36.173162550565614,-4.57212735485961,1.1783233240372855,1.1293264025923673,-77.36873359646421,3.9253447021601913,-1.9985117853581515,-1.8839059133167098,96.62766192389347,6.375265512530324,41.18833229137968,4.78162659831731,-0.6528601066151364,-12.494822724023546,-8.96362100101735,3.0017769924612026,-8.570755926561313,-8.284963509113085,-3.6968395882112626,-5.67887757863594,10.483911804747873
26,197.7565105245291,67.98790239057496,4.0400673096579505,-23.141160338980622,-43.22176950110076,-0.8595736744329032,5.732781241547945,-2.277148150473207,4.8418426060844455,-4.702451587100303,-54.02527988352054,6.479977838059387,-11.085194607036831,78.8346575793657,-0.4902012764230326,-2.817739266455319,7.210663420148131,-4.993250596957665,10.133957161567821,-1.0561354059073766,7.934344294664607,0.923364569898542,-41.8094433500687,13.595967057641415,0.29862647341525367,-106.52036658403641,-28.98087573714071,-5169.08882472466,-6.278068949686732,197.7565105245291,11.380810609213512,-18.32220872729138,-12.621090797851314,11.50712821451191,2.009416667980625,124.76518992075358,0.5788797647036508,-1.4051099276885646,13.438171261680495,17.814550740262405,-1.4800200385035749,-2.7422726274349714,-2.7689662583104013,13.879850761180451,-3.714128296621978,0.5774527512484414,23.175561715673485,4.728887879458118,-31.166313977497083,-15.115300817188912,-8.609947250456349
27,38.94804958705397,11.719620961572815,-16.341103358448464,-38.78955555707631,0.6169361678846756,-4.637167555825927,9.799442228461928,38.94804958705397,-5.568888760630185,-14.416185035344284,-7.16848266042062,-21.049420896034167,3.2575374345445036,30.742211437488024,-26.21245528381497,10.248495380460918,6.1212913410124346,2.011117599174733,2.705834829123801,30.265440077871794,-3.4267872542786932,-7.044565003801719,4.006159207807247,4.685460546576039,-4.516302188994354,4.590194934323312,-10.947314337276286,-0.5910465686889609,5.522464588598075,-11.414348653007266,-6.45640292076475,-0.8998318215872464,26.075379224810437,5.7396848058439955,-3.60436616359347,10.313507522864505,0.5245212281419726,-5.054574768728484,-10.56661581791252,-0.46898997856770347,4.669800127195988,-5.81600009613126,8.455143611817673,-4.514429748558769,-13.635849474395473,2.9078606903006796,-22.9328337105437,1.2375104941170072,7.7164783054731805,2.089574026530089,0.16327227204282047
28,43.75572604338549,-18.703692254337156,32.49624432857271,38.03779457151836,-1.1941264606076687,-6.389769305097804,-5.912417765804019,3.2456589246333367,3.6295199806020917,-75.51222544170905,43.75572604338549,-19.29922422752514,-2.0076796662353433,-28.44811324103912,-4.497888117754222,1.45328929680224,4.963346989282743,-3.175316983887507,-3.3030698985695075,-35.51251376291947,1.6078030773237841,3.17148641995583,-10.989509178460715,3.320323215267581,7.4116754616853635,-108.86282437014818,-2.9791304875516493,-3.1451249409797706,7.5874151342384755,-0.2384914974686185,3.9345881031453476,1.554816609529431,-8.025858037843248,9.178241345400249,-0.055556290939805936,3.4766541671807154,-2.274002479308009,-1.9281398783612917,5.721823308612234,23.083660145812008,4.434220189987971,6.593982614033422,4.239890963999997,-103.21893545943477,-3.2838540125289093,7.378410696077172,-6.122584017509907,-15.366757423091912,24.302092370015146,4.936268771756152,2.201346580119699
29,36.33807305236987,16.15199994448324,1.0709285592038984,8.526051013369862,10.421098819223738,20.956266353143192,5.143262761346296,1.670470150896615,-21.777161101142504,-6.331434135064075,10.12485801006228,-13.444277708055475,18.87402763661771,6.497413801096364,-101.64312174381311,13.268007572239508,2.502906474961401,15.391138956188266,-6.498125014389111,-27.866130978607014,-0.7069828783321026,-35.66509253790202,-23.38834856004935,7.095693867587684,-8.110942470948096,15.091162342020896,36.33807305236987,1.2600794002216316,-0.7968571950712596,-0.8490735010946883,4.1763407732149105,-146.13052292459776,-16.954438879157514,7.679482665668765,6.899769433312692,11.965266716900203,3.9603737313313894,-28.1873081861429,-14.602421583234719,-4.617934410119517,16.655735590980093,-19.833482167150308,7.700784755716222,-38.12171615014736,7.072579776556859,9.3189111885996,-63.78439760555504,-3.7324546701943437,5.22724626754314,7.6370091278766665,4.06357142992082
30,295.69361655472125,-9.623184947143809,-11.29594621763938,-3.814160254158859,5.523416470060801,-0.7901889745815375,-3.086916775122949,39.60194401926732,10.996491692346513,-6.254071764703828,-3.172248326213281,13.783662255172157,1.9784281776666888,104.96517296996842,295.69361655472125,-6.697793870317917,3.693622179745268,-10.671713372934942,34.68002741099354,3.520818970323981,10.116725423007166,11.977403290596127,67.82971693321029,17.70605057990052,-3.5640235983770405,-4.832452588870142,13.451443180625173,5.591293349204945,-110.9381786351061,7.833345675386308,-4.038601297238662,-10.528910318732072,1.9488945871815937,-0.21914297171112734,0.3921356925061936,-11.231576526786272,3.2984872909366594,-8.250525671649163,-0.4195064523326014,3.037222160948991,-0.30060119145522585,21.97896478889824,-4.592270169672689,-0.2622850150764315,29.97855391122105,-7.0919099270765775,18.271423472237036,-2.420984770987249,-8.196731796089704,-9.028696521859661,3.363087591588137
31,516.6721542682307,-3.518921084420583,-2.515112476521049,-5.355834749898168,-11.212905131855877,0.7597154273667059,15.678287187740255,84.34862325267581,4.748531711350037,226.15762054263718,-210.74586376875575,-5.064486576904602,3.1155745513856328,30.29685720669176,12.910771122605627,8.97663045083647,-27.13992445695797,516.6721542682307,32.92641117759119,92.90047505737823,2.4042092712805108,8.464488683107469,5.0141348363249705,-1.5139297798822813,5.615203226644413,5.983460367008242,-26.283958484795686,0.04012309034236794,-1.9506285168141206,-6.857346115427592,-5.499585338832987,-12.236494982092696,1.4991826575734608,-11.838811820748166,2.213907989513511,-3.5305313210039135,0.4799417504082671,-64.97262264604355,11.838549601210445,-9.327296092327465,-10.466227124754813,0.7334275482310815,259.9135628192192,-1.3970548418901125,1.0332058885533246,-0.4184196848464795,-2.003723099369639,-7.439458829247924,30.72246256214943,-1.097508163374968,27.5197547386124
32,265.52884263357817,6.723764214492553,-18.334267802594074,-16.92401324626122,-1.439399638981044,-0.6032897010916529,7.068753118895226,-8.300095689894148,-5.255977636785854,3.836775600625847,6.640102612855757,4.57992498646251,-10.401045503633483,-4.608527202087785,-3.798352417648089,0.4211014483476048,-365.85047841846006,-6.010833176418435,1.6140843077539924,3.7867284571600037,15.772359906173811,0.854803799639698,16.454327549150733,-5.453353885369829,-5.0548566203959675,-18.89626551110434,-16.08350018064239,-8.427791577505998,-5.478518240020546,22.11665253056321,1.9720839989554468,92.52710112615493,-3.771357709502436,6.769681353103579,-7.853182776514621,-4.109532133831445,56.181028876593345,-8.05524408170775,2.5109223214266336,-16.91768287508541,35.27732882523026,-37.29217822847103,265.52884263357817,17.413852687323622,1.6531899032712756,14.650130629760676,8.792906567303987,-7.618746470828587,8.536706825652757,-1.6682028787646808,3.0494154563961042
33,272.163667138179,12.117810180601772,5.297917800039151,44.584405668282656,13.212942828796892,0.5353647329052692,5.673477659569814,-90.87303074952516,3.3104440274016254,60.687212966858155,2.017623994323532,-17.806039698502644,-3.5677451918205105,-7.787033873262838,42.81090714604614,-101.04549824438746,-16.265611760077174,-71.9974040321758,-4.248413416540696,0.35305266093402027,-8.577753539152502,14.001698248664185,4.889824216952482,-14.85134959066453,-4.630845812428017,2.1580258441392757,-19.083072673822173,4.363240611480984,5.026314310636055,-35.23940643360808,15.78294722767842,-34.033107182341546,0.7636659217677518,4.423344651929148,-6.635406630914791,-5.596811752456834,-41.39885283199963,1.2425884600554036,2.0703299655447607,15.305752118049671,3.895344070786328,-13.38522768389612,-3.5141497903226533,3.41866009188794,-5.216231560668209,3.693574503954565,14.932428160115103,-3.737850905884547,272.163667138179,-14.179456817545667,-3.56874854498004
34,72.25764316085667,5.882529830218115,-8.104955987920306,-1.9474563973266488,-1.0489983255788784,0.9807538700181617,-31.85433619791126,3.6968192963434996,35.5659013223807,-53.921597730947525,0.9698045693606333,6.565496836447868,47.28339382465163,6.85241383628419,-3.245221197192935,-2.8729701246548243,1.5889708476961317,-0.5836199125121391,-4.012185503024945,-46.59976062538471,1.353019910028558,-3.642355896924877,-0.9656198658319037,2.9151887341256773,72.25764316085667,13.666905114841224,12.387340660825071,-17.259928524035683,-4.771527905905616,-0.7209331285916463,-0.5938749172250616,6.976636209811501,-6.125055962385908,-9.31221452983527,2.9161966142250857,-3.6705566939375975,-46.540242588103546,-1371.1598401194974,-51.35525173062432,7.887622248806383,-10.712830103122243,-16.95799082341204,-22.387463656032534,-23.56178608920449,1.4100924099566334,-8.472012028420306,-44.04965282843303,-2.4757326225747334,18.194412431303473,4.132657906771699,2.715753752746812
35,239.6102838282468,0.24706410026117492,5.303805360957735,-3.715912234195783,44.32619505291766,-29.083745614799618,0.6032305846102701,17.336246796934873,1.1804104582170076,-6.124862201775174,-6.043520550404371,10.894563631697242,2.329775257536774,-2.8782398193896923,-11.58259244968106,-2.9307272560036672,1.6688692274227928,1.260748130305031,-0.7567430672781864,-204.28602933337294,239.6102838282468,-7.762725668857457,-2.808645377061661,22.580920420358936,-6.961260618863318,-15.504116688013518,8.477780749866351,-60.25449017131643,-15.967745495778807,94.4076436168711,3.6849893177982893,4.614170673225546,6.881438067559839,66.82851733480572,-3.230801322707797,-6.503575265932557,0.6067701744734287,-0.6394935106263449,-443.126307887795,11.59539273868392,8.858992652345933,6.183447194090233,8.312066399423577,4.1199629494317405,3.7160638944442765,1.7070779659356414,-1.4994976350168958,-77.8634734279115,4.430632509314513,-7.71295026353047,-7.415709139353549
36,477.8658631664653,100.17866598514571,-1.1810168747444432,-4.466813595914011,-35.39412728012546,16.305910751492682,11.842881012880925,-71.24198336237758,114.26696046879066,-2.2221194228270416,4.408297439542533,-11.099252512072754,-49.357879213217444,5.3756283292499205,4.391598369780664,44.498506662906216,-8.144489672204184,-2.0367121015214678,-12.122272808718877,-3.8944628277991886,-2.838881814252563,477.8658631664653,-6.8542478299469884,11.595571561013104,-17.203534445814746,-205.95186161531726,3.370714904466608,6.76769273263426,-9.391241051239513,-2.298410866136175,4.061882084865796,-4.94087773606317,186.797891397191,3.5033528522654276,-4.177784185545296,-4.9060176750287985,14.581503342517815,11.396204456265911,10.61750112349406,-2.9047141913827472,2.8660161197098226,-6.748620922948749,-2.5879887842209772,17.515656182529064,-6.864014026441879,-9.079093654749315,1.3554857744511761,-21.917358247951483,8.718041952464574,14.724838778459798,-4.455782823293375
37,679.5703434688716,-1.5919382188626119,-3.1022886527237272,11.543599296977572,6.296318774063516,-4.61750087383837,59.510920153821374,-4.0702325375266515,-3.724911829387612,-0.09905496337709238,-4.871740846471667,-4.577917488223376,0.4838118254364901,15.279166116731936,4.150686986913436,14.593296661576252,-13.13117099337618,-0.23383185592737835,679.5703434688716,-104.92151164103576,5.550447949759038,-0.9809418588683106,12.387897582992768,-6.0505452296889315,-0.11217841401976872,-3.174532811197658,-3.860841784424208,-11.175333396709222,11.792808019497418,68.79835651553107,-110.48736861118451,9.25326069693248,0.21562690015591085,71.27024102742337,-4.421276969485073,26.548784305582185,14.796022947991839,5.33833605971874,0.9170681406423816,-9.915528226883868,1.8281438836907873,10.033927054038887,2.0015213465836967,5.985679703293859,-3.856138070946976,-125.0237343060814,19.05954187584011,-0.7403371506040214,-3.3727653039009873,6.123032245207052,-1.4819220231140744
38,162.06165672069318,-5.955349587499949,10.001613871192385,0.1891306185808714,18.222919680674096,-10.616160469588154,8.32977963267108,21.6870868413382,-3.427765770579238,-6.43015838810969,6.165157893135408,7.595046250542411,162.06165672069318,-7.99204104436533,-17.253761592154888,-9.469529103492794,-0.4952039051214288,-10.055847957579612,5.084421306028526,46.458935546491446,-77.1725945037164,-4.0647762113140775,-6.650984037198473,5.202841147517144,53.53916600945243,2.8942427636690264,3.942274344450044,-4.952612581310997,-11.30795315736727,27.928390971871472,-3.1328062455622034,-7.108090317792795,5.8148775298156234,-1.7103865869354922,18.417305034334927,30.558419693401042,15.648407385087447,-4.648900161783396,-0.2480491074223549,-1.6223580952100642,-13.457556906822528,23.47104036960502,-33.44206182458477,12.001861857022902,1.1767142099572947,10.272299121768276,1.8994184086960488,60.480492221898075,11.318703563289612,-19.27596985128276,-2.3211157333848926
39,86.04361862413029,-1.488463614946479,-3.313697871098808,-6.5717135082278775,-6.098068922795628,46.520693219466025,3.1462139506547535,-3.1317528024852304,-2.46093745329275,-14.325625152570883,-17.016692941703944,-8.992228880994071,-0.6079903399146382,0.07549304706970036,7.055992875168437,1.9749463313543036,2.0611646674232036,-21.741428265005776,86.04361862413029,8.03826828173453,-29.501668917312493,1.2292334147842454,15.383217228613832,4.530111117756156,-10.220262150379412,-3.2755952564074646,-4.178374081990333,5.54633259432225,-2.76605262853947,14.744090634166245,14.463613645453254,1.341841153240382,-7.473506528510218,-1.0425334920642872,-17.65222128776422,0.8467441097621273,37.52580633532858,-7.506054380046025,-9.788894095324208,-10.943494673470102,0.7377506163953291,-7.646716707580018,-95.25374777988218,32.15725885182087,5.605016141140534,8.40089989505619,-14.185479535503616,-12.739086996180077,-1.8343996261370992,1.9224145081076636,-2.2430156145823403
40,211.8350683721583,-0.6582494490324009,-51.322700179476044,-2.7222424474236377,9.366526104537215,211.8350683721583,2.0149615282794007,0.3540984846519475,1.7663552267703357,63.70092394140143,0.06038162859312469,1.5729338423612893,-72.81511854601871,-1.0823757186505358,12.72651024425861,9.368897271921151,-55.17942430510534,-30.00855263548298,2.829091607829862,7.2784200839948365,-43.22876828958909,27.00916970731298,-7.084653693127901,-0.5688428936408937,-3.1081148618405656,0.6094216894330452,10.597587559599866,5.149898470100866,7.971289888772885,-1.2538407666453382,9.428251971329647,0.10987390602434138,2.142311973133385,-1.516750432868116,-18.4621872669454,-7.448904159185622,-10.35475392594369,6.689798375278425,8.824490476303684,-17.49065127430997,-6.857755448875878,-7.618917927194412,-76.6175467604594,-6.538282201973003,-2.724731653540949,-11.479919441526706,3.2447464114170836,-7.93456502198514,4.752373449864696,-9.51095422710077,81.89539680152492
41,134.36724470485171,0.7398054529977577,1.80630444675929,57.591493325737645,2.0599906381063433,4.517086918285722,1.9194848289672077,-4.43812785500166,38.99488571609809,8.77554566943375,11.41212228877389,-57.36774639732101,-7.7762349853331845,-7.676306375629839,-46.41921020995407,-2.0482900647908475,6.205020406457725,-32.582113763744246,-20.298640246785887,-3.0704054340286513,5.353117495738951,-19.252693317139197,3.53571633042851,0.8805560552564329,-5.2772491206852585,-9.252461525031997,-2.0338918532791164,0.6722863948135585,-5.098591806484255,-3.991275086057673,2.727277156089394,-1.4200150861067231,-59.60769045756409,10.046424620412552,0.19642612486276523,19.044143481663077,28.390089920501612,10.759861775849302,8.176906811298226,-7.859889246062172,-9.484654097071685,2.407854511046094,134.36724470485171,-18.039122751088215,-3.1280987275059786,-17.969683850995715,26.005922035557592,-6.945426657773955,4.834736909794805,3.2641077215720955,-1.5749161585219271
42,2687.0632913018035,24.033115807552043,-4.239519429111978,-0.6536683967507487,-8.872103720696998,8.865806423601533,2687.0632913018035,-2.049526919501783,13.427593986517884,-5.207445116917939,35.67834322163568,-19.76887915511123,-3.1303378635579255,1.896111252664839,-15.544825550083205,-50.02215959626572,-20.709489340806694,4.721154271300543,28.615733216038283,-10.529886719709012,44.74617699165707,-213.7650547217903,12.275574709185872,-0.30105282196365024,-1.6251621999403518,3.0668022975093665,24.24170460463514,-1.8555362321610842,7.572091613084562,16.027831147788323,187.96172817160323,5.912057693391529,-1.0082749312052273,-403.58636197052755,2.8869203265416283,-2.1606168907924905,-14.047245405042135,8.78411845577107,-1.171540565822224,-16.704864277408817,202.19386561898457,18.25869629746101,35.18466814572985,-9.68123386211706,5.246076941951118,12.62943149729062,-79.54840386657698,4.169130180184692,4.6576316016776795,-3.2029147640313402,-6.7464728429764556
43,52.39328282178926,5.830409907445682,-5.166407553923885,-114.48344666962974,-4.364896908893556,16.331726861538208,6.365528245754737,1.380849838720054,2.475749863811764,3.697162396398249,-7.745780628709992,-25.46951022994218,-15.140370043254439,4.769883347303791,-7.1130771167911,12.828092707679602,-67.63405015198092,14.102131147583794,0.2809309407335255,-0.7327744019149145,-5.830361137477078,10.312474761658539,-2.214981667704511,-70.35394640760862,7.69889305387054,4.264949936282252,-0.0922952541239669,0.22271369213581393,16.00188806369286,-25.542268879849875,-1.2992601853367296,-31.36629703022419,-1.8818629325432115,-105.66551521882822,-4.871263122550497,-1046.3786112814537,4.797596608055358,-1.3629783265573512,-9.617514735006482,3.733350206319816,-0.43830008799392217,4.48696492531079,1.7041792695905666,2.864761187763369,9.820107075219289,4.3421158405211555,52.39328282178926,2.9754335536816496,12.054093925164358,1.3131436237516185,12.477794145416713
44,107.85253019404699,-51.88894553887269,3.1553350176108523,10.372154088901677,10.985060053320614,-10.309142678788152,-6.679349190137716,64.67651044132447,-6.171250140868261,31.595243478146397,16.330463645785635,1.0104324652993646,107.85253019404699,-8.765984739083109,1.8063144916624085,105.67533631456729,-0.9625110420738723,45.68186768066472,94.25642127768047,5.364417784984208,28.829677900791697,-15.50119047042448,28.89686309759786,1.0886984309268328,27.064374039142546,1.8026059365194576,-4.450779988483798,14.722173905948189,-3.799197607724415,15.81742892389762,4.259990215473708,3.0943225364505844,-7.2238218651206285,-5.792115990583962,3.40488985716419,1.5806282045974018,-19.338594701568784,2.31435963541248,5.149009213626291,0.3354540177618157,31.67562255153875,19.987730549951888,-82.01009015871202,-1.4660942239956638,-14.615273291236306,14.946513299259834,-15.04644390404346,-378.2717369310472,-0.08980403132652595,2.524503698991468,10.850372810067725
45,49.16884831157609,-7.781095235792792,-12.19999803235194,-2.079898789200033,-17.42046224250956,-4.233885946228452,-14.530448542595984,-1.9579884311700269,-1.9491962190865753,5.649914321774698,-271.67460237761145,0.08071577043678693,17.755192577617386,-16.239385848727558,-0.2665841218104584,2.838679324260115,1.3927837382447181,-2.751973152955013,-21.506611850132593,-19.58629177385954,-11.163376984265835,-3.168610203159129,3.839621909428406,0.8727282519906097,49.16884831157609,-3.080030321755762,9.100543468550606,3.6934838626760294,9.893613472023848,0.8471153324806777,0.9795742771697219,-8.43438678223186,-14.178050676556607,2.6823967350423787,2.827496721052315,8.066294326601453,8.597956432018819,7.760246792414452,-31.648705276190565,-1.15272890904913,0.14418796504721348,-16.29958811108515,-29.292861973043177,10.868163903432556,10.458833186293369,-14.507137625250802,-4.751633153429163,7.035561654236345,-11.951370400380437,6.152771858354926,27.65750925810504
46,160.22711018783954,-0.5981990398646938,-54.09888918852185,1.0163253830004233,-2.0439702606506844,-15.576245683038795,1.8536558399462515,1.0982191689408776,22.228831764055982,-22.40676581735872,-2.337020167637084,-17.28037236698428,-20.677057345451104,-6.954213523847395,-16.78364605108689,12.543573145412804,-16.246061421377522,160.22711018783954,-1.8202220200021055,-7.166157882244933,19.353725988464568,1.3804723682730187,-118.738655480351,-2.576455804357316,5.8101601846022275,-18.03188409975677,15.487145387060783,11.002685435361863,2.9223192642360156,3.7502743176001823,-0.5412074033841574,-3.1504488824153167,3.53107148216675,24.191555016395387,-3.8625880759870834,-8.058672733575847,-0.1867638317959769,-4.405484979343364,93.15887234625842,-5.247590448075944,31.026996568472843,-51.889446480701054,6.087900643798102,6.1418902762058805,9.483416205245671,-1.328929069928515,-3.5410030458815247,4.506637194777561,13.577627522290332,31.748318850326644,-9.193141422011523
47,153.64590595658098,-10.35270468802155,5.968041640493607,-22.453731380460006,-1.4295339529596964,4.026036591787247,5.839986201182405,7.58003508061629,-2.414064111226235,4.112037521067352,-13.130393044649944,-19.469882228867036,-28.74071930415986,10.145469530773724,153.64590595658098,38.57391253470512,25.30963261815684,6.672956379823987,-19.242914919764132,-7.757492847384439,8.558437842378131,3.53303939434816,3.772373191373577,4.062131788070076,2.7515538745110026,-25.628198380264873,-4.768059501538256,18.96649241727148,45.87532885902519,6.799303360028,11.452056512039299,1.7834168748445152,5.075473434786458,10.818798113097655,-16.32585499891964,1.7690210736523169,6.868420865780404,-24.934958131829458,-13.809842423838074,15.319781919152055,-2.329032309235679,3.8112262296115103,13.790807087333341,12.463053880487763,-14.696137314278367,3.025929542433968,0.4820413874821349,17.996060872206957,-0.9375117592387991,43.64956009638847,94.60408833216256
48,115.13444211697794,11.3381721157188,-17.967274572109844,23.431340565512357,-10.741057207532817,-2.1670498727862784,115.13444211697794,32.27726617233754,-5.904168712142023,-5.678320340006547,7.185072260461256,1.3429015521791832,3.342119174855611,-22.420330797455495,11.885552418598424,9.015776942908897,-536.6488561947602,103.48150426751062,4.3660972360086845,-9.57829892642334,-9.90908057828574,-1.9534044604391945,-26.974240582801755,3.816631691105746,-2.55635931507559,-3.2688808916709555,-9.459711330687167,2.948583279193106,-1.647454214912659,-41.519618456127056,24.504685855648106,9.068056598605727,-18.004566667715835,-14.93533331478471,-1.860448209531488,-7.572593916931577,-0.33243658273523957,1.9163537373373032,15.966693462006255,-8.235958775265797,-16.153408618660638,-3.0963978750437815,-69.36947753865167,7.430037928301546,-35.17015641315063,-17.3867067170831,-1.719564564868557,-28.682882790906618,-31.65108701774147,-0.13030130011657248,81.76367220841612
49,345.62361824036714,-49.329717838759485,-6.065656726207217,-4.474496847963843,-11.335715598121999,-0.28310362920773136,22.74493300746507,-1.5932451987960998,-4.034364706043707,-61.419701371542914,-10.426137228778362,-10.372247707436495,1.612331088176086,-3.3102259671817307,-3.572045619167495,-10.538738140816378,61.989701359602094,-13.6619815251885,14.802557416983374,26.908349429505694,-30.525860585270745,7.073315583768363,29.11524187854771,7.717492068349453,-3.3071776704905544,345.62361824036714,2.420124078116093,-18.459906263034796,5.398828785966407,3.572081141555244,-0.5312934195162848,-2.028490570851338,10.902154806486378,2.580140958321731,7.7471111958679595,21.668569820661645,-5.085030760778848,0.07602345657181735,-22.66994509422427,-1.7297535594436442,-7.5271661432806845,-3.8219991790788246,-2.384516227703179,15.107174148458917,1.56347843152633,-3.3091752234948326,2.359672620644787,4.079085443983488,1.123455204026769,85.94149999106719,-8.17944622341481
