#ground_truth
dist_name: norm
dist_params: (0, 1.0)
#gev_params
shape: -0.8336242130497681
location: 16.30714531604363
scale: 16.744591941715623
#dist_guess
norm: 0.0 (1.7623419166544878, 69.35729095105359)
expon: 0.0 (-114.71257187149548, 116.47491378814998)
uniform: 0.0 (-114.71257187149548, 3544.443455103353)
pareto: 0.0 (0.22983818022371572, -116.54848736444279, 1.835915213674638)
rayleigh: 0.0 (-114.81411573911238, 95.9179284350052)
#data
run,max,node0,node1,node2,node3,node4,node5,node6,node7,node8,node9,node10,node11,node12,node13,node14,node15,node16,node17,node18,node19,node20,node21,node22,node23,node24,node25,node26,node27,node28,node29,node30,node31,node32,node33,node34,node35,node36,node37,node38,node39,node40,node41,node42,node43,node44,node45,node46,node47,node48,node49
0,31.63937271166073,0.015532963885876556,1.514163303926688,-0.018095715926354634,0.6062500142379408,-2.9058879865264116,2.1167895563502266,-0.5827816207753487,-3.0777529113936692,-54.89659532896616,-0.6530853494381701,-0.4605993362309565,-5.185284178608014,-0.574156539457732,0.7310793050449076,-0.1986726664291966,0.9140123768753167,31.63937271166073,-0.8931942181359399,-0.43245439023005944,-0.7594893272914569,-1.3135539919433417,3.3629747639438654,-3.2327790561014784,-1.0924726884720835,23.133556391639377,-13.246652750203456,0.7322522255438324,-0.7298309311662559,-0.5048656470759727,0.17290181778012584,2.018782196804094,-2.986152920021889,3.113934081446141,-0.2465653193872283,0.7315497111436161,0.277055537668574,0.4122187137541842,1.3137074681073904,4.52157259072573,1.3432181920217419,11.558767143211952,0.18498061186092135,1.2778971563151587,1.165895584285251,0.7335730571990686,0.20983655787267858,3.885416166721972,-0.6201919397133784,2.6119865305631307,0.8109575897634769
1,10.670405214008778,0.277864250016437,-0.9231496756045986,-0.2327438078772089,6.752617196001554,-0.1726764951013913,-0.29542835713667515,-0.053065312066637255,-1.3807778138476032,-0.26675744172998506,1.5165790328925315,-0.2712649070016656,-5.083684336529748,-0.31218872754008714,-9.27562884790292,-1.3416217747730093,-0.7536354084126,-1.989441165811235,0.1027945372931808,-1.0431343070691106,0.5545392528918037,0.5866840640660784,3.967881899388703,-0.09591224256002472,2.6227787960620312,-2.9405838505752335,-0.1933047770362763,3.5985557457857484,-0.43226583051883954,1.1028046037934438,-1.6091788985597362,-1.5675922463017953,-6.299543786903805,0.34189594013637703,-7.891635536608976,0.5478058087953347,1.3959966655285772,-1.42065590099788,-0.1555816551261943,1.5697300361269098,1.6534649831038415,0.16417128923020272,-3.287834897196869,4.237236461936431,0.15311932508777024,0.032500041385648555,1.818825862723304,0.6959295185902644,-0.6896377795602369,-6.9245338859348795,10.670405214008778
2,42.65797234959482,-0.09352571711033136,0.6310022400133082,1.5897724017675727,10.518123186878647,-3.238384485049772,-0.49598961118608265,-1.651561469752247,22.303927381624014,-1.8974614789958504,-0.8252793662136874,0.02749017583450242,1.7191751785806666,0.2395136260655321,9.940428312973893,12.97146360878482,-0.6143539274224347,1.3980217932294847,0.5130083296749596,0.5269442152855857,4.287724227749576,11.276987286190682,-1.206489836716337,-1.0496912512963024,-0.160346240875503,2.300547461411968,11.361938256365432,0.5580546227578447,15.188300382848286,-0.26466436198087545,3.6212220916197144,0.05796766869969534,-1.099112528538952,3.1977158271417347,1.3730481828686831,-0.7131239211466147,0.8595674001026881,0.17717148731526308,-4.07496107552873,-1.6833367050835206,5.010806089753261,-0.12463463360359989,0.09270539388452559,42.65797234959482,3.6699953807437518,0.5421956175361096,0.4969389963029046,17.17561599994681,-2.6412337378271125,8.802525461152264,4.791696772480098
3,4.877459454705459,-0.494550576186922,1.1344151247769987,-15.854643858049304,-1.1019964951972565,0.43101647156033573,-0.529566537066085,1.0920368100726692,-0.47488543860047455,-2.7575227853783866,-0.5497670063259498,3.776629280706633,1.7292275699409154,0.6465429376754945,-0.24226495866900846,0.23790778480374547,-0.08600008603309833,-0.8350758421782469,4.877459454705459,0.10855183740445871,2.312084565377826,1.4875286143371103,-0.5503432294396841,0.4386162786663593,-16.63208951174016,-17.36784610376699,0.34638331815397905,-3.529620392306492,3.5698265312991464,0.10729226441304543,0.7113402190679461,0.5667369551496579,-2.2580291956638785,-3.8001905214117935,-2.1102322016883193,-0.6854835312772471,0.03800920953759989,-3.849656297973391,-1.3107067828115349,0.47311976014352547,-0.1178807188269509,0.7309840830174978,-0.767903184823036,-0.7795937143864207,-7.853536911648961,-3.5774682951997328,-0.8529632094704859,1.0114637601470826,0.40515429915695345,0.2873453046076874,1.4236394625490985
4,47.59154738985633,-1.1780736145435393,-0.4609628297703051,1.5137113552982975,-4.164293464506334,-1.6819916993798334,13.820014766692038,-1.276992836119746,4.004627068294224,-0.32661659740448756,-0.086076223587908,-0.46157396940856227,0.5443652091775257,2.3224229824778084,-0.19618443231511523,0.6262955971612731,1.5561425556438664,2.5951922450682767,-0.4583153345189319,1.382029146766105,-5.298194385867048,0.7155008251194984,4.381908691057225,2.896195785802272,-1.3632360807973642,-1.9396683989648087,-2.566234951118129,-0.27472674842304123,1.6060967194965976,0.5722677522934351,5.708909206007536,43.09949610248938,-7.027991234537351,-0.5596533953267921,0.9630543888087832,1.4966314492393253,10.62774544187758,0.3310935500528063,0.7971889590153619,0.5001207480928638,-1.1081388108987047,-1.9333710487834999,0.4085605002770056,-3.6712168832698873,-0.08775035595571452,-2.995331850636228,-0.40493247350876616,-0.6452756338430463,47.59154738985633,2.4035184218455363,-0.06606371113388783
5,32.469238120086814,7.402141207428478,20.143983709300368,-2.986593299135402,0.8818120164622203,-2.1498051789211226,-5.201992317781657,0.3892150213365046,-1.1670882201624193,6.29985213859739,1.1727034911085543,-12.772476734871601,32.469238120086814,-0.026306045022160083,5.240414322482881,3.8276440300893917,-5.4631768870310315,0.20628268447673956,2.4306011414371422,0.2853931783290718,-54.52711187794191,0.9839388235898667,0.31228178520268607,2.972569967761252,-0.39612019821524347,25.636377827284786,0.7789468261232722,0.30151509618947375,-2.723754936957148,0.6841248264160391,-0.08224144638949674,-1.2984464937096976,-0.32538264289231,0.20942470317340356,-7.101841541256318,-0.11175997350179102,-1.7091491818459603,-3.833168467471513,-0.2769280604551083,0.026089801449702653,1.0347104936666285,-0.30056076934420956,1.0794217507961459,-15.23077446722374,-0.7917428149945117,1.1836107516343712,-1.1542321830269533,0.21548741633561025,-2.42803087999966,3.399597135963583,0.1830557447591041
6,42.668129344912394,4.4836115156461815,-0.30493797382841803,-1.2228486017455955,1.8166703735278962,-4.5218294658946565,9.171054028662043,42.668129344912394,16.65593378906437,6.3806490224193695,0.824754971086422,-1.2913644263655573,0.2694005126213007,0.2356461071039562,-0.24328284480970458,0.6548526978793721,-11.385948004871887,9.417376269832872,0.9523833529575011,-2.0388084899650885,-0.051925438628066964,1.367007336777888,1.1618898820096573,-0.09860358297431664,-11.962684779687834,1.485600418904974,0.37773073175740307,6.230356522564236,0.411463938919002,2.742974669936462,-0.5055060191333018,-0.6466480876731167,3.312591695674567,-0.7238111320163135,1.965287417998979,2.1330736929688756,0.8988097765048096,-1.1245964194009992,0.36791565749394933,-1.8329630288332615,-10.01035756030579,-3.017626494428063,-0.05819219866062907,0.23621977756110696,-2.675152975747053,0.4231457275917973,0.5159935101162386,6.185091422449883,-1.1560310344373936,-7.2253079501494035,0.47059907609018037
7,7.7931916094774705,0.3572664825536201,-0.1981151385089442,3.50823961669064,1.6419514289951014,0.8849760866066302,-0.3330991080235762,0.24343722670795928,-0.7979061677464463,0.8158766739209719,2.248363120840191,-1.8948110740731907,-3.556541981082065,-0.19156336688026898,0.7222697875164066,0.7342112281837984,-0.21486072125950495,-0.7972176010760421,-1.395962773703064,4.439895532159965,0.1100499373563195,-1.6493020342751772,-30.168935424451398,1.1329691239228374,-24.344624939917342,0.5132905212621977,1.5227109569763957,0.9824451618680695,-0.05007558948193393,1.0323782910628492,-0.07869863801221104,1.5565662227161305,-0.768127856823188,2.8898844100312266,-0.4070412429478535,-0.7984351467230757,-0.4500586147216851,-1.017706978593728,0.8292752487331245,2.001142264197706,-0.41902356249668404,-3.426297999594608,1.3338613081237274,0.4685264265357726,0.2686742123615517,0.1542982122618526,0.6854766667714544,2.142440727672798,-0.08698294747567362,7.7931916094774705,-1.3828140128967066
8,56.19210719971142,1.5692736903259827,0.16933554748306562,13.904468252855628,2.489610114643279,-0.940249339067234,0.28217019861969983,-2.3025863818641494,-0.1944530763495008,0.20777792112267415,0.4126472309603111,1.1536539052186425,0.9118922518855404,-0.9733981553591712,-1.108718831053586,2.5408836765521823,-0.9669518019992746,3.1107200538077784,-1.3171337972459491,-0.5965636677320664,0.4601504068010371,-25.561268612693677,-0.4321371063512243,-0.024201301003705905,-39.95264533760437,-0.7426852099655319,4.0163699631210426,-0.20291708051141222,-4.10127077661903,0.8928972607926123,-1.5924323636779898,3.856148479779572,-0.6056818416529857,5.882203362575572,-5.9762644347442055,-0.4458808105920894,-1.8798356092553732,56.19210719971142,-1.327976264429938,0.5859696589760428,-1.2258084099987252,-13.776390990797099,1.3769683279603446,0.3792433935060959,0.10628821471554913,-1.6361334996816836,-0.4710436155488297,0.024579966563553622,-0.5567196074111076,1.162090619793414,0.5546208972999376
9,52.95369481845962,0.31966188013651825,-6.0345508022943575,-0.14771912034511908,-0.05428407955999834,0.4813329150431852,-1.0714194137975457,41.78421093025988,-4.471384310942706,-0.08871601082410478,6.906595682458697,-0.07749505218660319,0.04172371366394516,0.22980247920955596,-10.805754722988686,-0.09305761245690881,-1.1506239582102236,0.13593220146489504,1.0527499819251613,0.06684632628328874,-0.2946405027708109,-2.672819780304642,-3.714494044511239,0.8309604738717712,-0.28733860174402454,0.1344152231986837,0.6279423860078357,0.850794591986306,-0.6203123414098346,-5.261819904787709,52.95369481845962,2.948820675949074,-6.811817097476567,-0.09971939499282348,0.25879404967667463,1.2967645086312019,-3.8084680468955496,-0.2595225048660868,-0.6354509622476479,-1.1568082226684895,2.2977065183385137,-0.014179299612213894,-0.935691817095031,0.4254643769573147,-3.308002773633892,4.0105110163131,-82.33482620820601,-2.831599612538719,-0.37668779744236197,0.6895695074861824,0.3028329126296151
10,34.6376724977031,0.028558796573534013,-0.08657754811751099,-0.8870607956647478,1.0613901548453868,-4.395011859332569,34.6376724977031,0.6901629662216554,0.7886856275758876,-1.4975993856128726,-1.4811281894282484,-0.7007310615553105,0.5423962319511036,1.034465105356896,-0.19049397676143565,-2.2099671375015997,10.332752091660213,-0.7718161466661102,-29.49038414034703,1.0992942160851373,-6.419870233187124,4.725868448543856,-0.016554150650071684,-1.0149827272627576,-12.790020290104156,0.066384742617647,-2.3762546726562706,0.8584440780895872,-0.11778029071903744,-0.5962675011358594,0.8884942257602959,-12.448821530907596,1.0582423848748421,-1.9188267064485716,-0.3610873044679289,0.0081618523086725,-47.186061476061234,3.613711587578894,1.0768567484972427,-0.28735207091977877,0.1348368532982362,-0.03679804493099445,-19.877574821801616,1.9346907401203677,-0.39713450980912707,-0.7312044278500255,-4.187033190017638,-0.7404675395919132,-2.472744792045146,0.30498016040800335,0.6795830977150519
11,18.381022249905097,1.280044331813249,-8.252992018963573,1.2820915479981534,-0.5568678852073361,-0.5979694741654651,18.381022249905097,0.4224844559924877,-0.7282105974174881,-0.4377275750369251,0.054334364020770826,0.5175196571104141,-1.1258556796552082,-8.787897012591333,1.1244169838051048,0.052012374261418005,5.759401983121665,-3.5708962857046287,0.37327517226182955,0.5205762800753522,-1.2993761228873035,-0.8707162981051674,-0.5485662241578894,1.2208304782497248,-0.2694463821818711,-0.3845981277267946,-13.306793566328272,3.3122968720229413,0.058377138457523514,1.6824727520543927,17.24250299442401,-0.7288181381377861,-2.764338383327422,0.04015837019896747,-0.6391504946620795,3.7979543663684896,-1.4320943911462944,-0.4119654426923958,0.6949724690499289,-0.2780279839014222,0.2703432226200068,1.5226727696836342,0.11556480080712349,-3.753345802120796,0.17876175492835766,-0.07623893931579676,-23.24789919948197,-0.047618277161619614,-1.1811281245362102,-0.24737122905401762,1.4657812184931147
12,10.687211611255414,0.8330775242693257,-5.5966768828704225,0.8419760538377093,-0.9157373526953219,0.645005491504116,0.46006960947669817,1.5151702328046512,-1.9418086022431202,6.502974295509848,0.90087790848229,-1.1963020174789303,-0.3591108735664606,0.13937018301254764,-0.10846200051451396,-1.0714988370151446,0.6306873176591793,-0.67757803178368,6.557435716816674,-2.688853139474864,0.5366148028979124,3.882986967744246,-5.1655297137138225,-15.40370450595421,-0.3847669124606548,-0.007329919620510296,1.1669973345788605,-0.47257042192970006,-0.11821089336963163,0.2551973041197727,0.14727895352865766,-4.906785749604302,1.3830131302735285,0.01864653750297661,-1.5018963554385065,-1.3398550671301048,0.8072965245481412,-4.9455797832082435,-2.7019376570055167,-0.814309461811098,1.6826285049840264,-7.68874691041066,-1.4257634056003528,10.687211611255414,-0.11304292171447651,-3.7109933762844265,-1.09444734746802,-4.994318564578679,-0.40209207170529915,0.5393425345476968,0.877830344669349
13,102.8342310985352,0.18108219814224671,1.1859208998732715,-0.8804632366920518,1.9587310210112292,3.554060196191793,0.3198892037811622,-13.117241506502648,0.18303802824635246,-0.07623381292343205,102.8342310985352,1.9523707919915225,1.9352480835829544,0.022335554274867025,-0.5535762448890222,-2.1941450978909476,4.171003494629121,1.6585030802190193,-3.5987946099275394,0.33310532002958737,-1.2920399912643608,-0.8028358515779218,8.264925393648019,0.09719077465242205,-2.0939786143803425,5.543687395519077,-0.49587545930227955,-0.03088313339340642,-1.147568765671973,0.7757778549575649,-1.8415599227523245,-13.333559338876727,2.511227017396026,-10.036686187497022,1.3183954427232971,-0.07878123529528552,-2.1627871583579124,0.9902606067377099,-5.147315096180266,0.27057325791075065,-1.6313417354090909,28.018489939576106,3.992480688552356,2.7073328730789017,0.30236966295660594,-4.9442971845089225,-4.895890601374986,-1.9543616762079405,-1.0597346152617708,3.102336663592665,-65.74960084486048
14,25.87817999007299,-1.047678603596649,-0.7173643190032827,-1.482048860572033,-1.4199761024815416,0.31166654123123977,-2.313864846482815,-0.16962152527656313,11.36349580946945,1.3036228666421552,-0.24328669546096512,-0.8337559257469962,-0.17456664324868887,-3.498888465818615,-2.5865476245689587,-1.9723418401899862,-0.2435131920669196,-0.40578390943511417,-0.3398168817323365,-0.23357586175690775,-13.564386303889272,-0.6029628620327395,1.675693454569931,0.18416581680224836,-3.1981896575054187,0.265156346648406,-3.597122004410775,25.87817999007299,-12.305407744697654,-7.6536156019053285,0.6366265044076743,-0.662326657275652,1.2003724064328345,0.32742633478680827,0.00392480925696061,-0.158676898492842,-0.7231075359725205,3.5321742969404877,0.3378334953090067,1.2328555825074883,-8.158798739634836,1.0052617873282417,-0.49865209773130725,2.6221376610504077,-1.372465753122459,0.6765621373809013,-8.147865896305113,1.98943761245401,5.2325686882476825,-13.204268071555632,-1.6294135212119558
15,6.8254508074932305,1.1455694022856209,-0.18988085265025817,0.5479241658078311,-0.28100834438553973,-0.5742490394700596,-0.3483157438228335,2.813116624660391,2.642872867219475,-2.685176981963193,-1.263340551584689,6.8254508074932305,-0.6271317059100542,-0.903389199627934,-0.8349598473773182,-0.08798432266380993,0.8714680008136007,-0.9778624574937727,1.5597108469872047,0.29387116756707843,0.2264139298188434,-0.82617739743161,-0.7398644330510195,0.11361147588531338,0.4497959223269276,-1.8236135678151055,-0.8747997942233745,-0.09228625363720261,-0.8094795319492322,-0.1305231481751264,5.744465732904594,-8.517660645478347,-0.22115946459699737,2.3298090745938143,3.6487989011151716,0.9695059589432031,-3.329167573100523,0.35608884541636165,0.781567296444143,-0.018423388081070368,0.6462076360888294,0.08382445834105695,5.41130464648508,0.7485832928386084,-0.11113120575214429,-0.39024309073499974,-79.16185690169544,-34.88488613332639,0.7361576237659079,-7.0983418657154225,0.795974828548025
16,3.968584991911823,1.5700823185959232,0.1552568715775944,0.3925922078353791,0.970827063969088,-0.8372474818744111,-0.22638145904743265,-1.1706222793452015,-114.71257187149548,-0.7647799756500829,-0.17907630582835515,1.151370350725731,-0.37136288621942287,-1.467410514982878,-0.28916616672864953,0.8817345448329095,3.968584991911823,-1.596973261489454,-1.5865844634873751,-0.1488077434939302,1.738128926445528,-3.08929942130968,1.5200652937170893,-1.9316401459910644,-2.2855536298604004,-3.5003951012898353,-0.07531014387358886,-0.873193510142479,-3.359740073516724,-9.611374613165657,-0.3611137853373834,3.061777462062166,-0.4403852211250197,-1.1550938326203424,-0.8849061176525637,-1.7835792113170548,2.383459872627783,0.9372270695869673,1.7629427587771833,-0.08483108461030137,-3.540915894495348,0.9263685980715691,-2.045070039822665,-11.354629170066186,-0.2909078275513523,0.15956448635646653,1.5902015262143256,-0.571805410608377,-0.5026832680062421,0.5948190576743746,-2.781174318739598
17,8.673261927124312,-0.12960738411828254,-0.5520510823085664,-32.6767854098937,-3.814547225856369,-0.10108644389625743,0.43334194941241655,-3.906449851351001,-0.04972986368231911,-1.2019654902157344,8.03976888675857,-2.3575455902078972,-0.2675689448955603,1.917531754636165,-0.9731959517016837,0.6715636737467143,-0.4175386943826402,-0.3443012639914807,-0.5299044547076359,-1.5918759377512741,-0.32205503476650116,0.17314772907722334,-1.0786433528677086,-0.5452025205944456,-0.8329040134060354,-0.16646036309751402,6.45880926896983,-0.3669891885047511,1.3668699903469659,8.673261927124312,3.0779913709000843,0.7836916942587552,0.7681404965639174,-0.7449725774563851,-4.04678360117084,-1.18219322642421,2.8554736620557115,-0.12055751413803054,-0.4115983398952755,1.027835615770433,0.46718280221374675,-1.052530524071797,0.9009060643766508,0.7228130537117353,3.531566715502857,0.6083293379869678,-21.735612902542584,0.7196394689301234,0.10276895964247658,-1.2328327704541424,-0.13536744807192957
18,149.0103707690563,-1.174106305557901,-10.020598753457145,1.868141961521645,-14.60409768931743,0.8977886088648223,-0.5500116879642313,-0.1674078386596616,-6.681796590052578,-1.1813187210513731,1.7293205791818669,-0.15528979552531424,13.748556353576685,149.0103707690563,0.271440558387908,-2.2594975589214745,-1.3559197771896911,-1.8493195762040684,-0.016020169814394622,0.5266544279089246,1.4801155144562093,1.168079611700253,0.7510262968730727,-0.14969882325377032,59.6914063471064,-2.0533069890613733,0.632858807556807,-0.8843088784502918,13.820240997971645,1.3904570721862033,-1.0800740329947731,1.800057416085872,3.1354728990396183,-2.2619806962812614,-1.840724621366508,-0.8155979831809821,-0.35614766478868426,0.04201876332294791,-1.5794239416155498,0.6780395064754539,-0.172587719692976,-4.00951694134309,0.2755760314308801,0.4161992389833413,4.8473808553169375,2.0216422207746167,-7.546017225534862,1.4389232741133322,-0.24916689088879368,-1.3687534509652888,-1.0122383062291584
19,146.0272441317168,-1.4758459402047472,-1.2411418834909451,-0.4373488351895827,-1.5325475074851223,-1.4379674910621354,1.2375795764181723,-1.114318883826549,-1.828616223577218,-1.2863870111500793,0.2721377270352198,0.7951296280795026,-0.452361635306168,146.0272441317168,-2.3367572130054772,-1.5482642567587959,0.5843577149897802,-1.000774414830902,1.3135466367680406,2.4826479724394357,-0.6553926855573227,-0.35096509841214724,-3.874292048107829,-2.765676560979527,-1.0797913524332894,0.6709784082602511,0.09049794733650295,1.9843529694766362,-3.6611869127742405,2.8370654854671518,0.20237684964309655,-0.49924476072095264,0.27014016184418194,-2.3560369045019125,0.7952946741987524,-1.7555143073192254,-1.2484060270464281,-0.9290550699687683,-0.6143573426380218,-0.6049902011167985,1.3595076017327954,-0.4535953478560848,1.4302197069349076,-0.14754868242241928,0.14585522667474335,0.19836547526926987,4.349687003085799,-0.7099295642148927,-1.0388694709146846,2.9229153326661015,4.813412871067271
20,4.8407119526369495,0.7020636800301361,0.870524862294403,1.0457853080724802,2.7096879345137355,2.1101146660247396,0.32947896696508105,-0.8621314774577145,-2.122877787321587,0.5530690714862059,2.928697811092478,1.4205381972460425,1.0972593319602049,-0.8380288752588044,-1.9017388700000142,-0.768142097343072,-12.565021800151492,0.02918637299428873,-0.16590382947565824,-0.5581723546119669,-1.588402998920999,0.845599391071054,0.07356980710801186,-4.104593198483695,4.8407119526369495,1.402857223727209,0.015803604664406404,-54.649732592647304,2.7450166316612084,0.02741819866238565,-0.9758115238279205,-3.519415060924555,0.6063511295311516,0.20710872538069097,-2.691971649177853,1.5547328725191054,-7.24908217373744,-1.6546512033266483,-0.3146534818136412,0.7709409826956103,-0.6075217765038663,-4.095981921934838,-1.6369447521231983,0.18727325970661432,1.0415118011918671,-0.5962831921087729,-0.7836444474708104,0.2499997010315556,-8.179294804080373,0.13218167080531193,0.1380585418368463
21,6.452577837883598,2.159640140963673,0.8259621612200579,2.1429815219044537,1.6622148138268693,0.1798733016077393,-30.148492753667814,-1.1210395443545491,-1.4274970031853693,-2.920104128590159,-1.7048916668785654,-2.061928222870455,0.02029989860462083,0.3092578356022234,0.11065223803016329,-0.12230435257978912,0.5581040650090058,-1.3788087383110583,-0.21979713696296885,6.342501817819371,0.7441595933718701,3.973195939431083,-0.7623208486974717,0.09689092571650701,-0.48074541592244713,0.06756115838422024,5.27991218498986,4.259486412513369,1.7858782145904315,-1.6154435464552752,0.7444022734519867,-0.2528181038526536,-0.21310593824277596,0.6983831989447175,-0.24824849950824535,5.572192500286353,6.452577837883598,-0.3215975368710284,-0.9139304718139166,-0.4728875594184443,-0.14785409593080479,-0.696995481423494,-0.4590138582931856,-1.5860695355760355,0.8310348537399315,-0.16596613821136463,-1.5735855663351528,-1.5581904982714518,1.1521459922656205,-0.7073972677868997,1.2156314064620621
22,30.387968117542137,3.80887828095267,-0.2166568543073638,-17.10758739617047,-2.5979550559559064,0.9971773043384368,-2.151725018394826,0.36435990508016347,1.3903967357281979,-0.4289028988921942,-0.3971704732219472,0.505207754698482,0.4817050348276679,3.692808407294436,0.9512597356602397,30.387968117542137,-1.8771253998553412,1.6494782559749108,2.0398464585140323,0.42135214195005705,-0.13888256082266714,-0.47322092725581494,0.5818899637645327,4.7748852624412965,-0.2309044097028643,3.2721374134676213,2.147367471273098,2.6087100290078737,-0.7633690549198703,1.775443058590718,1.791577108147977,-0.23468288531094844,0.5810810177845596,1.6910202732530784,5.369575629306657,0.9129916448070297,2.111991657636551,-0.7772933165029794,0.553460054677754,3.7952368696550676,3.1247556441905413,9.371609215180307,-0.3413782969435799,1.0780190944552495,-0.46567693200995236,-1.7894366037151104,0.18468054182126353,2.415246327563748,2.5937325916417744,-12.718810217365512,-2.4440116207374047
23,84.40806732401009,1.3172041186180723,0.3507843131325566,0.3393508236133857,0.2680386957791065,0.13576443046010306,30.031144832463305,-1.560891754805227,22.19699327580172,-1.3748660577934748,84.40806732401009,8.51496289390127,0.7386604805164153,-2.2785253694458936,-0.8599521942532449,0.22626814075176066,13.46253435315022,1.1853459132986972,-0.39928279404144,19.73302453154819,-1.2652868837874411,2.3652342517592646,4.123432539965318,-0.4744560882332145,0.721650184967576,5.933991160172609,1.4466071302339256,3.7953036418589265,-6.163933930695668,-7.262706037458976,7.391161999054059,0.22320529177731627,0.5040965041310709,-1.8302374766686895,0.042767176694895735,-1.0167627616641668,1.673399031093695,1.41032491624544,-1.0178959225278703,0.2767408046667391,-1.3866378466177005,0.005984327583298098,2.3979170315208274,0.395129418826454,-3.6296265026751504,-3.198488847162701,-10.643209153581234,-0.8775737124525184,-0.385403036328367,2.0659117577839385,0.7121372148125811
24,177.46546407603958,-2.0281221743644977,2.5275244304912436,-0.1000047039086318,1.4420493397077674,-0.24983262290435568,-1.2493304788126929,8.893614219054056,3.4436393810342976,-5.433412016297111,-0.9029963111784987,-1.6128389955132336,0.9942025044044391,-3.881794032436557,2.6361794400575724,1.5826930683333738,-1.3958515832551883,1.4133677600959074,-1.9935928909234832,-2.8293839712051314,-0.48130234355302143,-43.24567251676919,-0.37003779714515594,-6.749347236197959,-0.4710820680601005,-2.813566645535576,0.08438020321003356,-1.1099419296082547,6.52758965297183,-1.0501130495855968,-1.7562004327561855,1.241163427853751,-2.113376034964475,0.5799357417428092,-1.265399064645163,-1.8743700912778132,177.46546407603958,0.06774553796121281,1.7921353352549638,2.432695223312749,0.9900036767018656,-0.052589853978033244,-1.010446899291588,0.12274658120055601,0.37567318841176134,-29.637095196287213,1.1998179509439244,1.9312469234410266,-3.550602770392193,-1.8361412476872911,0.6623865450880484
25,3.1645381341049106,2.703668273093598,0.8345673485006156,-5.5675662287809615,-2.804556580256242,-0.6583921007658663,-0.0547976655808971,-16.18719215549873,1.4072853627233906,-0.9007015000655412,0.11818573169725782,1.0904860276805668,0.15717959265234316,-0.38963948226536627,-0.5485512498674786,-1.0989580559373289,-0.3074476265939777,1.572948864870264,-2.1913902104753564,1.5813643083908642,-1.279477531397042,-0.4247658844275642,0.6721021457214218,0.9412410084150767,-0.3863026438673844,-0.6422922691437516,-3.525809518348192,1.4389424261440196,3.1645381341049106,-0.442798456805194,1.283390518530509,0.47252053152775375,-0.07906679327350138,-0.8840960599180626,0.9545850136012062,1.0548604082852207,-0.24700852164150208,0.11078168218660593,-0.724399499908178,-2.11692927725089,-0.594885426396019,0.7402228838876854,-1.3490411565619544,-1.1343725339208426,0.11220201019844103,0.3846150574875768,-1.7733721200017334,-1.8737253830007372,-1.045243556231445,-3.6424502628255677,-0.6982553223921889
26,61.20075287470651,-0.6576584210265707,-1.0106128580723626,5.566110249518871,3.3447334441951715,0.15513360213519128,1.4172106065900245,0.39578251810534226,3.821828644398444,-6.040332900818772,1.4437174530325172,1.3402569420017705,2.911076448560574,-0.4069803254446444,1.9075498392678427,-2.94494764360506,-0.12415617310794799,-1.0612803358152207,0.8394132539260806,-0.35808456105725456,1.053258433552681,-12.252353209862708,2.3319358982578002,-1.4163979744749131,-0.41577750912356043,-2.6829742111427324,61.20075287470651,-0.42643042369270256,-1.3475897739412372,1.9375386284021543,-0.6763829681672345,-0.05324192456240847,-0.26453827868589075,-2.9074519668180807,0.4805197442800756,1.5451731783740978,-52.32633873847275,-1.7832146278114545,-0.7709932249854511,-0.6048465281251959,-0.37369746076512544,0.5285426607184395,-1.0153149840165718,0.8464527627447468,-0.7598490600323567,-0.2968583359390274,2.9323971771373167,-0.35923871510028343,-0.3874308842203062,1.6084626713973187,2.716439882614029
27,6.787315706868767,0.35339058928621,0.6918090977619666,0.13813401528052965,-1.356818344517008,-12.420751394268832,1.3151221303206975,-0.7466860907712515,0.4838415887899301,0.1459262867658191,-0.297055620307561,-0.7220517793619011,6.787315706868767,-0.6434654841557078,-10.71172482674384,3.8582043783479714,-1.5386777235279128,5.177227499152709,0.14472261943020262,-6.439665366260413,-0.8696033325341131,-0.19101521312702818,-1.8147138368263391,-0.67739658503926,-3.4046509031109466,3.6672628188263015,0.15989154224395993,-0.3149561250721768,0.3449299846638311,-6.643782757331717,-4.794456971588257,-1.6690110469152721,-16.612655340776847,-0.5081127733963737,-1.0288544736171896,-4.006891335780435,-0.09903164295444156,-0.047018541917143206,-2.144325698280663,-1.0217140712933848,0.16164849496410053,-0.06584138476459306,-3.5866669743767656,-2.8427184770561125,0.9903559758841741,-0.7954568704407967,0.9787400461213375,0.45918252330091386,0.8671438993069673,-0.638690601404368,-1.1924439027470553
28,59.79559330185051,1.0530735248747571,-0.4855551345923795,-0.002938464586651441,-0.9128579902025811,-0.152099809886949,0.43589869631834655,-6.125137483628657,-0.4391129612602296,0.7349738777882219,0.6886632167571494,2.883962660812822,2.2698442850158456,1.2043249668879044,-2.9093622392613576,-14.061872833319724,7.891252513036755,0.5199783493479924,0.14945277354491954,-6.329191368843353,11.829766030587779,-1.7581412526270233,1.4191607839605278,5.444885685938191,-1.507439124914785,-0.7523954995109889,1.2947230956795144,59.79559330185051,0.05980902070362348,-4.368360754027522,2.647052218170577,0.5248636767227908,1.5254350061315254,0.2366875124297271,-6.11400199430267,1.4935702215775708,1.0179233088388113,1.2591626269920897,-1.2169635821018596,-1.4282229074609423,0.06579840383882854,-2.836394481441559,0.2480005838234154,0.05384545522238765,-0.6774936021005783,-0.9398833541916514,-0.3183894523870938,-0.9643427348446848,-4.039939946003796,1.1080136785948433,45.273241480274315
29,78.67111231197461,1.0854562911098227,0.2123407320807733,4.503087919040331,-1.7099499367733806,6.868466728321262,-0.6433713063316675,-0.6149412575817081,7.411021587751115,2.3124155589234183,-0.022426450952499795,-5.6855361964878925,-0.19325414248272604,-0.38956460731872317,0.6164315985406273,0.7134792701832133,0.4759498336242659,-0.1927596659608592,-0.6846626442305169,2.4697308620513225,-1.8191103947418399,1.9826997253005882,-0.132535657095404,1.5371812669294387,0.4574711863839294,-1.8705058271746318,-0.8211998379212259,0.9074773804271533,-0.4017736003356503,-0.14037961178343256,-0.8891418445072111,-7.656885088098529,-0.40597410427429276,-0.30759581532686076,-0.12254126335048614,-0.028175481372705057,-3.741055991548431,0.2505024051546355,12.28427830772703,1.9406211264366098,-1.614439667791527,-0.1625374279116803,-0.5721507640756592,0.3491133388053573,1.3535627585233105,-4.455294708216464,78.67111231197461,1.597118977656054,0.38505082147593783,-0.23464293295690425,-1.3683121799182165
30,5.279513742404292,-0.6087381725844622,-0.8157151316071444,0.6876127588996558,-1.4756863560959892,-2.0650702092065303,-1.6217773669225184,2.9806679227849235,-2.7295217280633315,0.14741765904276496,1.952635547636702,0.7033718995118007,-0.896793752543942,-0.42554672369237445,1.6210006263675216,0.8776068306009713,-2.2346632766810814,-1.2175511544514337,-0.10212910900229082,-0.016571284747608495,-0.7215921936239555,-1.3681683619462175,4.348395875251059,2.687743341016214,-6.765650558752929,-2.7590502521849714,1.4550961496880654,0.3592188008665805,0.575739288389835,1.8764469029071615,-1.362503104290467,3.7926796692842215,-1.8380371656957488,-0.07661651136389776,-6.511462271075178,-0.1605384024586338,1.05533281819982,4.219999873742791,2.1309095015607307,-3.3741387583002096,0.9441420419011455,0.48697768632880184,0.5780272260470025,-0.19029331541226227,-0.8863164962040522,0.36813032617770663,-0.2755596263511165,0.017120760681471232,-1.5999045076374552,5.279513742404292,-0.370470239236632
31,22.799790805609902,0.9137766166340918,0.3097731877793668,19.127574542227332,0.059437236182425086,17.67940171940145,-0.39910984888460904,0.6709031136589068,1.8270397865651795,1.3656915486855623,0.6908782332872825,0.028515263571035107,0.12955901333173578,2.9447618768723975,0.22079618066559803,-16.987544018996992,0.15208551579158647,-1.1150842427978043,0.8212734659323261,0.5484495895311589,1.5968868910668366,0.46760521950418144,0.26024454769653244,-4.777878716740073,-0.6508957388241752,-1.092669582067684,-1.7925655961403657,0.22279087197641695,0.42941646491248836,-1.0465819830070229,-0.3252529521946446,22.799790805609902,0.4556283015414383,-7.331759679685806,10.842154613073848,-6.204556946885322,-0.3979550471684838,20.455625595210748,-0.10588118441702327,0.4328878745263891,-0.013458501266173824,-0.8816490221186032,-2.6246004842489192,1.0581249719941939,1.3526548901876017,-0.9336900795395383,-1.076345623159163,-4.138342203921595,8.90764917608973,0.1878863005820116,-26.708577482870723
32,28.938395271065993,11.117455463117862,0.10752815722502498,-0.5317511798584766,1.7122437691246724,-0.1288824744512215,0.4237861675760664,22.70995264840579,0.47619060761962634,28.938395271065993,0.12100455524365958,-1.5232950819431066,-0.7862754132565629,1.286901765027389,-1.4825190828707135,1.9037890265043182,0.6472928060658673,0.9525253488153832,-1.1099274372117052,-2.6498361775272556,-4.817806743799575,1.4263654897641,1.2618394047669863,-0.5281819182944081,0.2769464893551643,-0.8689945596219718,-3.1572568608628577,-0.5342973780454578,0.2996502321552858,-1.143856881935782,-6.270395092176466,0.2924145244359185,-4.483299798308631,-1.9271563299125523,0.016624626489644034,0.09192500662788661,-0.014199536025648612,1.4020447509947214,-0.06365909208758472,1.0302851596183775,0.376921684475786,-0.441190673782636,-1.3095104000223183,-1.6705233195076237,-0.3870082797339629,-1.2722040618422155,0.16106498170039876,-2.2704930258730305,-0.44625527262767967,0.11176432758721194,0.07503032905537257
33,11.564633433949007,-0.21599414209168225,-5.29616036518364,9.239088499140522,0.5181030260442675,-0.6731846837368081,-7.271294949873639,-4.73522117262157,0.09950848261656763,-0.39834350530829127,-1.461692552143246,-4.877541504594996,-3.786757148323416,2.0663466867156486,-2.43446936749003,11.564633433949007,-1.1529503359819795,-0.2660945864898248,-0.706942723749299,-0.4275298676689473,-0.5061079965080494,-7.667044620678862,3.9556095883721722,-0.5136506061939864,0.027160216911455582,-2.0521810607172015,-3.0141477157212835,-1.2038271923146255,-0.3395771366279253,-45.98194329619294,-0.02392967270426297,-2.1350155588829214,5.692055666191536,0.21951283454883383,0.7665056735237973,0.9072677878716862,0.8805363772997418,0.13645925160227687,-2.616790067948221,1.7430709315977249,-2.2072738713048876,-0.21716282565297262,0.3837481181525564,1.590051781333687,-3.2429712427518433,0.04367630648997539,-0.14655748878973535,0.4250893348879852,0.6078489064342611,-3.489794560705538,3.4159330459799553
34,52.70176820103377,1.1470198046635451,-5.031278787784004,-5.196388201677381,-4.685854049516843,-7.381208041381861,-3.496112485808287,-0.867989022344172,-0.8794341795991784,-2.951998110736436,-0.37599180431759277,-2.083006303275752,1.3643105903098731,0.15016340147000737,-0.6174557448931248,1.431173289301047,0.975950600348591,-7.700322249514124,1.305161087557296,2.8918957978205553,-2.141041604866011,-2.4085178683729263,0.19786440978533856,52.70176820103377,1.088742859071963,0.2862269769304169,-0.009841047822593823,-1.0070671013836576,-0.29522121038573573,-1.8297779484129602,-3.0405681005637732,-0.05858548603817138,-1.5265151702948052,0.798547826475285,0.6608731965323683,-0.6124987999627309,-0.4640554407925041,2.502256369248569,-0.39437942708187484,0.11909491622584749,-0.7762195536980057,27.29997087912644,2.6636402212354318,1.2225504947157138,0.7291057255394447,-1.8900615130268685,5.201711645334326,0.38980751763114513,0.5466664415632164,1.4179044422028177,0.13560335805587506
35,3429.730883231857,0.8220543848895003,11.93941361215594,2.8074028586815323,-0.49748880423064124,4.7774053975210835,21.579720278738563,0.5253478447594211,19.27897171323037,-0.34663433644044916,0.3719635164085947,-2.93690455548442,-0.04569996168566557,-0.28030596139814545,3.22570276934574,1.093104350680331,0.17683267741372258,15.639006951324804,0.14250859739339053,-0.7518550504963484,0.04246487184771256,-2.750344812700376,-0.31100271548939357,-0.3093819948313473,0.8598318179090068,1.644675838637038,-3.7060067905657217,0.7246651885295676,1.1636665885162587,-0.44974503562537416,0.2733455706620811,-0.11026068929384332,2.2431320559418473,2.099737983190087,5.913941444325504,0.986561236024289,-0.6450253897610875,1.5657842234314316,-2.663955983909352,0.8346932846877795,5.142617924296048,-0.10761047079526076,0.15508277107314938,3429.730883231857,0.633046479711905,-2.999638623932967,0.7549911413283356,0.5070661086989668,0.6554059382862075,-3.9733084343819995,-1.3621048201753785
36,10.389476570560257,10.389476570560257,-13.032249090611732,-1.1945457305818175,0.5149014946780323,1.0697421770405804,0.7183277573895159,0.9109299245775208,1.8669074626312543,-0.6061654282473583,-0.547311005079875,1.5754262969445334,-1.3854940819635682,-6.663679844377683,2.2412700172451023,0.021862523737950234,2.7983605513943095,-8.856366521128757,-0.328718258511465,-0.46358766608479773,-0.925138407528684,-0.2064134490475692,-1.114342225077053,0.698017676863118,-0.3872943697820679,-1.9140084608328138,-3.562147514433355,5.287452008022001,3.7961590574575323,-1.2670242520060035,1.3683466805750164,0.5709319953180919,1.9833373023679235,-1.7985908044537984,-1.8046920033220866,-1.093492949672244,2.1167701614668815,0.43933148212619477,0.27866978382004803,-0.14270776390314605,0.8341700668347989,-5.045792303297822,-2.7982038762733565,6.779704087193618,0.6881763300223288,0.4489684575606914,0.037946760836238005,-0.5440546438249629,-7.015871597285254,-2.9922060273690367,-5.714957332500411
37,14.03753567832076,3.7486336099019475,-4.439704776655663,0.10987989415975657,0.10846143820571252,14.03753567832076,0.1351798748776166,0.900053270769639,-0.5305657561237581,1.1552953076218346,6.0425066255803666,5.540523328662456,0.4495123295232863,2.278178596951882,10.251113367659723,-0.5975902018819442,3.2732593768431073,-2.165433216972851,0.874278077165383,0.6671504927021863,0.2604000148874822,0.17920663840539122,7.866891501760953,-1.7370316787536537,0.5549607206601529,-0.04652473373801258,1.342257385676875,-5.187710039790591,2.602906387831998,1.0830368776947346,-0.0731366935677078,-0.8717759054272423,0.09720777405422332,-0.14533459756789363,-0.27987690119633607,2.457083600410941,-1.7063892012766295,1.1532803296940761,-1.954376341427495,0.25986566740511907,-0.00388167827393899,0.8946970045936737,1.2650461489937526,-3.951509122078001,0.9944374779118889,-4.163347253389979,0.6340012891346398,-0.4666753250537074,6.364764227859225,-1.284500359726867,2.899070982258012
38,24.22157157262925,0.7168087553646634,1.099296499206348,-0.30497638835090585,-1.7646428849509996,-1.3249673197641425,-0.3337374694216778,-1.0969288632158183,-0.20773480697897595,-7.652775710633653,-0.6990583349076791,0.3193616780906533,0.06679417855739297,0.6478153952879709,2.094444655152504,-10.502299905072457,0.3463084613673794,0.4168887302705356,-0.8251830073552754,-8.005696992496139,-0.6692962440832929,1.8028465134652158,0.4808644225968308,8.444805882180805,-1.1049779281180048,-0.9928548241491233,0.5889153354602459,2.0632713667668594,2.325908915128219,1.4524696442907357,-3.6032047701393934,24.22157157262925,-0.7005251850585584,3.623953061098622,10.385939841430636,-5.1242954533003715,0.3053621723605795,1.5553194247860593,-0.0517938808825667,-1.9883825900435708,0.46243912793010095,-6.730079785766968,-5.562227803733319,4.306166894843068,0.6874461801578262,0.4378346879143252,-0.2689938064560645,-0.3969097706575008,1.243148863588165,-0.04303368292568553,1.3694138005954821
39,5.765462026425349,1.2556062049816217,-11.22516751117707,0.43802052566975436,-4.421622122752721,-2.1607021803994684,5.178685883349084,0.25128689679087024,-0.44010995366949396,5.092101697743236,2.6384252625005242,2.0297096527395615,-0.061082746457045645,0.6969840339016585,0.6790323804062681,-1.1626705408926514,0.7229898930197154,0.4546489062874959,0.5213921339777701,0.07427742536120821,-1.1856399361129095,-3.3894779402637982,-1.8179390575909349,0.8337820616904308,0.01337164567886823,-4.859615398516831,0.8774674601360527,-8.73819281908404,-3.522871436228042,-0.6961362435357107,1.1198864444061718,3.047097265464839,-0.16309913716522031,-3.056085933834846,4.14251512292829,-0.1855404133521309,-16.607851027393643,0.7970171689819868,-3.7315750626767334,-2.187992890036269,0.3025327151542433,5.765462026425349,1.1199555564637773,-0.19762522035645919,-3.6532107693556144,-0.6497443824209425,-0.06822605897080423,-0.20677114529918658,0.17283076559412175,0.7115211281851056,-0.10793379457441996
40,67.82163261354408,-1.0965674806967505,0.27272167162304994,-0.19736371652151624,4.153960831406863,-0.7890818353721829,0.5085926990939912,21.49988955001137,-0.030747545321043655,-0.3511269154475695,0.6773652343404241,3.6907206774052526,0.1678978276760439,-0.6464371757238213,1.8089245979382909,2.344096953593052,1.3282281558905156,-0.49575931886239516,-1.6479852384489269,1.7870499158689297,-0.8420059799441233,-1.6777524555412486,-0.3589446100742455,0.24468069686927152,0.10169738668599562,0.6356900904762749,0.9142065567410002,0.4130356020562991,3.7640433593590443,-23.25160145135108,1.0295823698936957,-0.03666803237540536,-0.29174066924433806,67.82163261354408,-0.25005609139328155,-1.5476904229833999,9.238823891124706,-0.5430016509117883,0.12165160622247961,0.884040176221682,1.2728420482676446,0.2693214327861083,2.2001511271535175,-2.033227367981504,-1.0411689820143073,-0.37558100798941757,1.446814421906111,0.6903771730357272,2.843077092353089,0.7595177752302925,-0.5106176368257277
41,15.634194883309469,0.984081345511083,-5.263425195173742,-0.5284561512141146,0.28773708938087195,15.634194883309469,0.8168775680087321,-6.751915191470279,-0.1490437688128178,-0.34713340746235527,-0.1353885003249813,-6.5069198612541355,1.3232635352039912,1.0437136400009057,1.9204252789178566,2.6434735041417423,-1.7774105115136476,-4.698121384110337,-2.4599630658831817,-1.2466390828682405,-0.7126127870287637,0.034833545405672066,-0.7964618374069581,1.4600335566766955,3.460535496295504,0.4280210681541439,14.049658051048633,0.6702601576707466,0.13833850430663,-0.7566563844856384,-1.5096753404499252,-3.081304150100912,2.730232286885963,0.06390969096271086,0.7213051504769321,0.8651651822064513,-0.09081756102346224,11.89470677548533,-1.9535706675568725,6.3809592141433855,-13.731941039999727,0.8869294879990629,2.7599613587267675,-1.941800262145196,-2.706806591440302,0.5055834833705708,-1.3790332697890295,0.1941693782556629,-0.2132666215338015,-0.6986655859915338,-0.3119242679089922
42,27.331489508318075,0.47903153964880973,-0.13007025891301077,0.8480950260798437,8.977365751597803,0.3335263156100509,4.569178909234007,8.009730520891363,1.4701396342423159,2.3117153429087014,0.9160532169032056,-0.1713812434874963,0.34207064001173926,-1.7638032308896685,-11.433293101988948,-15.872721175937041,0.6385655465605715,-1.9442540667294888,0.11972038945764403,-0.8606054385624144,-1.849394344196911,-1.2982762563252048,-1.9617359455887189,-0.5703124566238803,0.39124360506420364,1.948497130737883,1.4530353700613121,0.03172762988909922,-1.7749439673728387,-1.491396932567646,0.8216845651705177,-0.27439300646262854,0.14634887215152426,0.1076339209086012,-2.6490051174814013,27.331489508318075,-0.3731005254360507,-0.17096448697880878,-0.8717851487465923,-0.6184607070180451,3.4168598248662017,0.5713465705029906,0.5356317867711394,0.36016994192295726,1.7327016348242181,-3.539473749418738,0.06351132784592929,-0.9499192624240618,-0.0115117606273165,-0.08678868359322978,3.9139090158051792
43,35.273301366403736,-1.3671802840310066,1.2647779400103263,-0.22904934877334082,-0.653556919175617,-0.72388165559128,-0.27507897413539306,-1.4650799507245373,0.21548013804489766,4.7425437030519575,0.1712541468262155,0.12867906688444616,-0.3262873060192742,-35.453005615368895,-20.812688924671566,0.48119678437336993,-0.32819462718836423,-2.206919854542993,-4.365661015915572,-0.9556964133737849,0.9410792178386091,-0.6478429667032019,0.21807781454790642,-0.8420093896548257,2.0247554220608053,-0.44130886586058404,-1.5990185988172048,1.3124812089755502,-0.32945071359115,-1.3649926372700454,-0.5350363585514637,-3.8697141172950045,0.2272133549194764,6.677466429490835,-1.8952814926675106,-0.18880930502724375,-0.8571976164354359,0.17877950219147962,2.6914635144939556,-0.3173118135545365,0.6648882062477824,4.8254018195018595,35.273301366403736,0.13510357888083263,0.5772285533249363,-4.389612839107794,1.601433140753838,1.208560229485135,0.6164643017018318,-1.1235391218274489,3.0361828233927426
44,33.94542068280797,-0.05379615762604042,0.3344675360969402,2.861101806072821,33.94542068280797,0.29249662170026924,-0.3869532520640803,1.1706566070805802,-0.4789233430675623,1.7172662523335191,-1.4852621605249094,-0.5244359018083041,0.48996844572181397,-0.6702898757073975,-0.9273022125607625,0.21775430788878372,-0.2555171823685538,-0.5673207489651273,-0.5074599961934075,-2.251642522546308,0.08742825397793422,-0.7104433412290008,-1.329411177431565,-1.155738353310377,-5.38431293810096,4.317892793795854,-2.3607634088382423,-34.96168654175437,1.3413680927006586,0.951249797570377,-1.1890047251435087,0.468915097635097,0.5411228794342229,-3.3905052774602393,3.0370146346378353,-13.509843969751767,-3.5992399678261386,1.5244750797617304,5.873653724445637,-1.5236855299762213,0.7494006320800818,-1.8061574904458653,1.109054992305388,-2.8579245407524536,-1.4527196853677906,0.9905234758939709,-0.36261304512797654,2.1660216944285353,1.3414742551661938,3.0477029653299796,2.1271179647465015
45,136.96599886713332,-5.647645548424015,-1.07702137352396,0.9175321055364223,2.8468652488548543,0.4582275110434157,0.08125888831024047,-1.425748276237935,5.489159186466315,-0.6290016670119494,2.050819257499245,0.6436094882252197,4.484168094687112,1.358701123250233,-0.34963620000985274,2.0756837816413123,-0.6618988914208634,-3.023045162558382,-0.04455027827083193,0.6330611813109706,-1.3309443161647458,0.9726918635714026,-0.5426092749142815,0.4079585816395682,1.5339730329857257,0.11257393319134783,-0.4729092614616655,-33.84726584620244,-1.7783089032165074,4.073368946737157,-0.903633251131085,-0.9821473935139775,0.37827648417236,1.1644621795176904,1.5023281034242006,0.8502899936233917,1.5273697116687655,-0.5423519300865393,0.17590036055221803,-0.5480430036564795,-0.948388706176322,-12.517164303968455,0.6267918545192186,-2.0435049963131062,-0.4005033240827281,0.6144065383536738,8.72588128450223,-14.866723331457461,0.09433662647893619,-1.729913854742101,136.96599886713332
46,26.601663578746884,3.256178806030427,-0.13300168800021697,2.1333701931503377,-0.017540413669721668,-0.19424317106676323,26.601663578746884,1.8254794603577198,0.21946326895341492,1.678335513243764,1.0083493403635682,-0.8378628706892962,0.4397857573057366,-1.1920115163168885,2.1458754069587314,1.1453455228895757,0.17375261919024465,0.1413860630826195,0.39260536329029966,0.5446001828064114,0.6065998576853435,-0.6317877826791797,0.654237510360372,0.8152357395332958,1.6668411720118836,11.269631999133104,0.38802748419189387,0.07649713863448625,-0.5884284066855823,-17.35508586329636,4.0447050863819225,-0.5032270480252019,0.050671747976928624,0.9618030654675913,0.7993853129928882,2.6220945819802606,-0.6046214712663731,-0.16415279092139926,5.115440038755238,-3.1483282069718928,-1.194759150599922,-0.005435783358280663,1.0795773177234316,-1.4899123625621151,-0.8595802170372592,5.015513319546075,-2.729391720588282,0.9768949272671263,0.8397317360318687,-0.08454520031088808,-0.3910435924713731
47,20.783104819214273,0.43062948252501015,0.4227574749951219,-1.7685855989274897,1.3090933403577558,1.7981018233717567,6.12865357932782,-0.6110244247614405,-2.7390038273593937,0.5821417065023918,1.010977014984366,3.465683371990532,-4.532051949483399,-0.054267800870979134,-0.07126364777539981,-0.47003047652042934,1.1909813666110667,-1.2212065648466952,10.959568396539469,-0.42440521681302396,6.153527274820083,-2.8701487114927904,0.9564051338278978,-0.21203756102020205,2.6329231385418437,0.2591929669324524,-0.13330427236114517,-0.0961211770330921,-3.047416334648468,0.5256742027108243,0.4221072741843325,-4.442082648267566,-1.9147661340551072,0.9068419033464585,0.4364049276299223,-1.5610052410739301,4.455336069614229,-1.1101143473331703,-0.07336620112528901,5.6817575925476245,2.5411853032828615,-1.8572086272055346,-0.15588731526038233,-1.6808091307181119,10.97366483330103,-0.25929083253813506,-0.8142212300858763,20.783104819214273,1.6989156204664462,-1.487059310898416,0.007956438347938067
48,61.24198608699511,-0.17162961149128672,-0.34918185918450384,-1.165351733590476,0.5629932658302741,1.9072803555392497,0.563762829204756,0.26733808894970185,-1.0454881191255625,0.005462119582808823,-1.3906026932354225,0.256034671710856,-0.007416124909609157,0.7039812037082545,-14.022515350856526,1.1177167407304227,-0.8435868293772315,-2.132254591827363,-0.42207647439702944,0.22414360775037712,0.5048667343353953,-0.4046255201846073,-3.588363389569484,12.589406020678009,-0.14754151512353428,3.0900343616226746,0.35378795107408145,-1.7592774667696736,1.418924750044139,0.2509082883992535,2.263924190432971,1.9999611453119035,0.5669387571579229,-0.02005829600636505,-2.825982767707758,61.24198608699511,0.04321669452695541,0.38706831697308947,-0.8815429768835289,5.074274767984892,0.13186606145989768,-1.7476003768197519,-1.3073414046961915,-23.073057023016915,-0.14443088746149507,-1.1978215768056695,-0.7455323452542633,0.20061063992975597,-0.9139127949038425,1.7162046246640907,0.9765529948990345
49,31.09929875181784,2.295192026788411,-1.0082247176854322,-1.3772632871828505,-2.1973645887271136,-2.1667024665872736,-6.247217070710653,-0.4317870771400467,1.2690824373782954,-0.4060639068581742,-0.17923556234639926,-1.7255674247379893,0.33596664727137754,-4.116502754959055,-1.0851264908999325,-0.9847087710551601,0.5265535727222798,-2.5636331165983224,1.4071168329738855,-1.7707616884824415,-1.1468373537715886,1.044057981103489,-3.0181289538770115,11.165715163137442,23.15579089127419,0.7123974634408025,-4.946999652322839,-2.6819693637747,0.31596558200623515,0.7662065426480241,-1.2552229333385536,3.4887523679269825,11.14231861981135,-1.1152560733782289,0.4255818839673729,0.5034727186089742,2.0128325846357593,2.3485973292668936,-1.0835832763923339,1.483166942107276,-0.6028786962272265,-2.5938701118141574,0.11062903093256782,0.46525284670261674,-3.057932324258559,0.07518241018417401,31.09929875181784,-0.2914847529547392,-0.24808994704438536,-0.9980871654489804,0.09241692501078715
