#ground_truth
dist_name: norm
dist_params: (0, 10.0)
#gev_params
shape: 0.2236845641633836
location: 20.895312519293054
scale: 4.164026839181051
#dist_guess
norm: 0.9781931919584134 (0.18439582667145246, 9.817930308820154)
expon: 0.0 (-35.31045473691396, 35.494850563585416)
uniform: 0.0 (-35.31045473691396, 66.4585557666527)
pareto: 0.0 (23672915.349754512, -439332665.6153085, 439332630.3048538)
rayleigh: 0.0 (-35.32927254228481, 26.053932937091638)
#data
run,max,node0,node1,node2,node3,node4,node5,node6,node7,node8,node9,node10,node11,node12,node13,node14,node15,node16,node17,node18,node19,node20,node21,node22,node23,node24,node25,node26,node27,node28,node29,node30,node31,node32,node33,node34,node35,node36,node37,node38,node39,node40,node41,node42,node43,node44,node45,node46,node47,node48,node49
0,20.26082412768044,9.522041744911299,-2.28419649600933,-23.331302598539686,4.055142647901736,3.206283176263235,-6.5146614758101205,1.5687848438353134,-1.8656730087098934,2.9942978920579404,-0.004425349426482055,0.4656210544699908,6.1213397446205775,-1.6171424469235145,3.8159807107645145,-7.298241791570672,20.26082412768044,-10.396028633775195,7.0248764051057675,3.9447012823225913,1.5126396559909288,1.2424948615907874,18.003459697257917,8.594818946164956,15.172747518570397,9.87033164481592,3.9288887379286104,-5.310243533377541,-15.546982514735612,8.164552272941572,-13.585493062428268,10.386850414146728,7.925515827470679,-1.10028340884481,-6.901419962163682,2.9253587832923738,-3.0849473364721574,-12.778173875941185,-5.834197389125695,17.477782431634992,1.5717551761091753,0.17678700857002494,-2.3405414470553803,-6.465174930608077,6.037851074479596,-16.514289595126407,-1.1459222852220161,3.4015251437201774,8.561557899030678,-6.00903996592576,-15.86213711702732
1,18.936580729714677,10.795197360965567,3.872743351428325,3.2024183863253057,1.777119852221454,12.167373153264453,3.4824502145260094,0.6195648589068139,-5.091080297042656,7.933397498152344,-7.966690225350704,-13.128120000395684,-6.516232111294405,-3.5106563992390387,-12.607463311194875,8.110743150801344,-9.712259737496229,9.596030223793333,3.7772537251689826,8.595624868996172,-6.782396415771892,-15.448228606912732,6.358644826834582,18.936580729714677,6.0797315865680766,0.26550134323738156,-13.412239145619019,-14.353253159116868,-7.823205513782532,-11.929020064551514,1.6771005028920218,4.8007696844137095,-0.31150456904873663,3.7127630873005337,16.98802588975164,-7.049623406946814,4.969721190823478,5.440832142527489,-2.9731100115536435,-17.789290097136412,-0.8742202738084661,-12.210856260393026,15.650190133593613,13.453275025097964,-1.0344812307688405,5.14739571053177,-0.9108244265249333,11.522942714847213,-6.202577125870827,-4.068688474925612,-5.531373867153068
2,16.884330380277646,-0.7283820229877479,-7.045227588469726,-2.992735564376942,-7.577034791999204,-10.290706262895776,11.936133512869713,16.884330380277646,-2.6732618545070115,-8.830293755205938,-9.194908398499452,-5.222892225296864,-5.36666972593352,-3.662717485098446,-2.819640287865996,-1.0688596032975204,3.9032305087065184,-13.398262018500631,-7.164178241718729,6.672314229432612,14.166115530402681,7.755303236689382,-8.077273357230233,-0.5727046463573003,12.952954914568053,4.625620982914663,-18.23913583950517,-5.148834708035199,10.798171639508784,6.543289456446626,-1.194583416094813,-11.016953463499483,-0.7732161168363343,4.894985669396602,-6.942268331196803,-16.565152651691108,3.4166428475349826,5.352963525556419,-6.4830106865373995,8.383887324399504,-5.638797372426877,9.23200702727543,-7.43062086939148,9.264747300964922,2.2494511657050573,-9.907204515567141,11.518735767182143,8.212854237034486,-1.2035966135137957,-7.8304295078527995,6.126339679466989
3,26.366432859978076,2.5536869747839326,-23.93504865985923,-1.3250208205519751,-3.082872805191221,-3.6350001322293704,-3.308175801380875,-1.158999113273781,-12.523691940498054,14.890367139347319,0.1218447535268022,-11.995466853403107,-16.1692960467786,2.419507906711442,8.496284982510348,-1.767144683720465,-2.9623078975564026,-11.533959636266767,-6.016688329458086,-4.005043149843667,2.262152423997671,-16.00646402222719,-1.7422119249524035,-9.789252623765815,-26.534173618832824,-7.873567974955148,-1.209767359964422,-1.9774226796080527,25.805715768458608,-11.320401024986255,-15.652078994275023,22.40276957998588,-3.309700303005429,-6.090860087040008,15.643752388189842,-8.566839289056386,-0.9709357502343423,-6.67722489067755,-11.185743969171613,9.718202957441486,-10.56571478722627,0.006212756654322506,4.634779638146805,24.10051531247316,-8.68388890217391,-6.646156330678609,-12.782808353333298,0.7248918306682903,0.8581356002640593,26.366432859978076,-14.928086833712031
4,24.730045855549243,-1.2258411841094414,21.7771291357672,7.552272789285772,-0.865029196254672,6.208913765248083,3.543828302035176,3.2984371111680257,5.5324824909600245,-9.317796843118423,7.048168231594307,-2.851300225268862,-13.688060046560693,-0.6958198584488322,13.794380504680506,-11.94971452304504,-11.142690395105777,-0.3001094735362606,8.98436987378535,-7.660931574006012,-19.692464075007955,-13.221422998027503,-10.447054225950334,24.730045855549243,-10.670633685522446,12.939720445287922,19.869313668507985,-12.257842357493026,-21.79536428695372,-1.6311944660583704,-5.667590179381995,12.923032838044804,3.6414084723851636,-3.8729522685291147,-11.559520306687983,-5.964529604510467,-1.1206836812232281,3.725092772281779,-4.8139298965742325,-11.058504290986406,-15.516450384036478,2.144626913290308,9.8010913657492,-6.442152588930266,-13.516342635422589,-5.185716667957012,5.189832764017186,-7.8329211421786935,-7.445274382619683,6.238845004847404,-8.99592962383035
5,17.99294988069606,16.298889583652446,-3.5656513391018003,-0.2295292182165358,-13.585610775793494,13.961972973896424,-3.895500884634793,-6.994615858244471,-5.310138558117846,-4.173708291464712,-19.211151976320835,-11.662652743505992,12.45031953640983,-10.10667175072207,5.3012138829970725,8.863003181776907,-0.6609807339073488,-4.182709016835634,-12.033009564793586,17.99294988069606,5.672402394308181,-11.469936351911718,4.101206385210888,9.969346957802415,-13.831774896251819,10.405160907828883,1.1154981899434016,4.350581069300649,3.2593531260318436,0.061389778841605784,1.9647079579931723,-2.7516722076943023,11.64844980493531,-5.51514084559097,4.0046997383274805,16.837835550821726,-3.752596409113434,8.153200958562278,1.6428626967165252,15.559085073970127,3.3579787802014294,1.5549390309391797,2.416832024839283,-2.140616248468346,-7.767357361236378,-4.445716937331447,2.640432372037372,-20.408707954897693,1.239298035192809,6.6051270905137205,0.3066857649971536
6,17.300340853745087,-3.4248096945209623,3.712450343323179,8.76849308089724,8.225024281165807,-4.594781984826909,4.971642864298263,17.300340853745087,-1.1865512902522315,1.287796814534115,-20.72521954675702,-7.660551173805312,-3.3255785735165935,7.11191201054832,5.619283561013847,-10.565403809565971,0.03781981344008031,-7.341635008786057,-1.216193529121648,-10.415752247472303,5.445365756599719,-21.44819795785981,-5.189818712178093,0.1702603836374979,-3.8171152923881504,-3.840498184346903,9.29726589647563,1.9749678746526487,-5.92329443824675,10.245895768800512,-3.065046810112593,-14.665280041571318,-4.058046788506403,4.952806958847294,5.102356988979117,12.557382454372208,9.114980782500048,-5.085431560275831,11.108280840391531,-0.38844256362187435,-17.046539817648725,-21.50128482717161,1.0274034816222064,16.46645024650958,2.620476444122794,-0.17691753394568677,-9.594520841492386,-1.1334921604588142,-5.529706387952262,-2.364317314827096,-6.965934749516162
7,29.76168600553139,-4.3244150379783965,-15.865161680266432,6.438099471605369,5.493180116076715,-13.049392752421854,-3.1795924375710634,-1.4336956785608055,6.541363444439701,-18.095736385259293,-7.066763488237467,7.728196649818427,6.300690894009039,0.5293543678538835,4.24271660953589,-0.9410450664595256,-7.173612417561541,-5.642822173257233,-3.011359704640379,7.613695791622327,1.8719324773134147,4.096511145333701,-2.212552909271055,3.0343575892924477,19.870293557629203,10.504083069198035,10.114521535869716,21.05212188467236,-16.430708061120164,-14.939296852742551,5.11889832428005,1.0817544463289333,9.50389905702473,13.718344048861994,6.05139769159814,3.693691341665482,0.10475646909473052,29.76168600553139,3.1536324610392747,14.81740221199507,-7.067307319384454,5.015734581814392,3.5396429908598592,1.6450290934853926,2.547040209795562,6.531186560924925,0.02550565862467289,19.799699217891494,-4.85805179069186,-6.608967476483533,-5.691427813151702
8,24.006299946390314,8.995226369075958,-2.1047740892784237,9.079945482014951,10.30387538463354,-14.108645911777316,2.3279842122941425,7.403644604801957,24.006299946390314,-11.60971198029178,13.444868931808875,-6.691310226541787,5.877874147563702,-14.72668832018469,-2.3202190280717767,-5.521631146590407,2.408837482808476,-2.29528977277605,8.570205991563512,12.35803032423256,3.9356424705845487,8.369255557564777,8.899171070498252,4.846858177935285,17.85031427107323,-0.7256353429938843,13.524666423132155,-19.59936344402636,2.011890127675305,5.10987948309534,5.716224870113753,-8.91954426826375,2.839979366673075,16.421189935314604,-1.2590797708026258,-6.179589475529904,3.7228868555627823,-6.862253843477984,-17.611900142129898,3.686834142672612,16.654933296518323,6.33890852252847,5.021520557726119,-3.9016127492093093,-1.4935483699485035,10.855771040788436,9.954009951173822,5.617183140342531,-4.088697682392477,-1.7491976348448521,21.347937200678277
9,22.67730977168672,-7.28755864779364,2.4099823390910293,-5.895419893689113,1.670890960266885,-5.771865834257374,0.38857713180703607,10.097666199373558,6.693049492987766,8.206455957022799,4.312110447780122,-2.8842979981790053,7.930702006950212,9.293733117682226,8.381604153718806,4.102703810228315,-6.764616152263706,14.315878009576586,-4.503871682934729,-5.761865937273527,6.795272466992354,-3.169165874073025,3.053638771840304,21.167652772453568,1.6680095228549707,0.6009209940653899,2.7991374133071103,10.44079665667219,17.771723146490316,-24.095612226061004,4.707564081650984,-6.223610031579499,-7.26959845898278,-17.54425366733306,-11.10478859648384,7.58455659048133,10.035700839157087,8.456765172125037,-7.002556128776752,0.02888539258621562,-23.832131204742872,-9.385618927201827,-14.576952135977292,11.730774887537818,22.67730977168672,-8.426945871078985,-2.792814823222112,4.757876817471882,-1.1470652115921776,12.15817365488067,-18.460292876593144
10,22.69474776826092,4.150080527443295,-9.05500918008496,-9.321993819042344,-1.6034449924942078,0.8159156590720671,1.3298230898974048,2.895026779623498,4.991683499017696,13.302317267291876,-9.718638852385775,-8.506381759637165,13.892446235733967,-12.036394036179612,-6.448557599706709,22.69474776826092,-2.394035677008211,0.6444645267668859,4.521913215122687,2.7492047337646723,10.51196608455795,5.266724372954592,18.479053736326478,15.937677546143068,-15.232996015216589,-0.9012244907236178,-8.440007608755016,-12.923642821585279,7.165716722436446,-5.865651655264651,-2.3803971884991166,-1.9940627448043171,-2.8528277701648723,-9.787825704181445,-6.440039259564394,0.979933333001945,0.4548075935877006,18.33093957468631,13.89179258199505,-7.175882003982115,16.852423199333046,2.780029375020121,-0.6061412799788723,0.8715556421509247,3.6389173557720023,-7.735470932660322,-15.429583251930447,3.2556430796550373,-8.893666417835515,-0.7323204873628963,-4.910370476033893
11,21.41246811574588,-15.544714139786887,-2.238087926952633,13.340975730208317,-0.7890721493262487,-1.9134396249188157,11.836248057841248,-13.875876772521691,-26.24569872584443,-5.391944634920155,-20.352291471142514,-10.102491864112974,-1.4786728689704323,-9.819727695569515,-15.58735388961839,-4.196631564662875,-17.51914949178438,-0.5758431133956311,-23.44701040332971,1.603275111352034,6.212779458502423,18.15027525892456,-3.7854642727853234,-3.1517819962665348,0.9668231163045513,-18.09057715439121,3.209139099446723,-4.5115512385049,8.658967394818086,-3.125816890629504,6.534484775318746,-7.189046181351944,-12.005665591632289,-3.819355003842479,-5.512247352622241,-13.240077136595989,-4.731593469997973,7.929680884519632,21.41246811574588,9.902339092586654,-3.884654676546951,12.769482317385512,12.579295419592146,11.088148630803587,-11.624236907730056,5.040322244254022,-7.931566079468765,1.5901254213452303,-5.13507231508542,-9.266539873886588,-2.9788951886182784
12,16.555492845900726,-0.6563969855200242,-6.233318518859202,-15.762099019496869,9.652983696694584,-0.3020389630757616,15.038044393189246,-2.2749863517593893,-13.606599602188734,-15.699013899899901,12.606886394896206,-20.151626489292894,-11.846025080613918,3.872813548426989,-3.0415278338182934,-5.532187072145477,-18.801255549828515,-1.7729394483477134,1.7443257165665418,5.510866719880091,6.404459105849124,-23.70625365471653,-5.938358807349901,-10.396879966254193,8.234956193675796,-15.70700999099973,-1.5232858696764375,-6.669581525592813,14.244105364689602,-5.036513063341003,9.996626421173588,-1.4254565944540585,-7.4716375739949905,-25.787638127635283,16.555492845900726,2.0336705915462367,0.7464008142932796,-11.996201305482426,0.6333144152335424,-2.6463319178230322,4.368053316807007,11.92917760402052,8.572697481015064,4.029395586037959,-22.394131842956263,10.84945096774051,10.840379653716665,-13.568178588691861,-2.8052361052352452,8.947675838799316,9.116665943050254
13,23.76658538308221,-2.4648744685744863,10.903720511996582,-0.08129802269322736,-14.739349330429173,15.290469717600484,-16.355380489517238,2.9093140306706866,5.809217950647541,-25.708887627023365,2.0873728329939873,2.5982880988283314,-6.959852652718346,7.561132838578968,2.1782888807313148,-8.997068502570412,3.980286525588515,15.621163578770288,13.803927707771294,2.4985094172235875,19.974407543959835,-1.9614936375879406,10.433258302886344,-19.97200458438718,-2.2687268503316558,-0.731054454402682,13.75416865679928,-5.244236572761523,1.974026687645419,-3.136448945238758,10.666026124702515,0.7680001701591745,4.788763710802392,2.8324301360861237,-15.334966113266129,7.9239931405168225,5.778754838422094,-0.46443557461140583,11.54545373238004,-5.307712846604139,-1.7148907803794553,23.76658538308221,-3.1212657992125763,-10.517756420553477,8.422444519725387,-11.171300902528676,10.17383627900363,-6.018532641286082,16.113851371041278,14.568399867121052,-14.43725373357136
14,19.28165278871373,3.5316646838026005,-11.928345256081549,9.46827012149199,3.1768122579994085,-4.765192881198004,7.41441125079044,-9.166000233267512,19.28165278871373,-1.9462880755715073,8.86220267262264,0.16003750481904822,-8.432010326171,-5.311213681925237,-1.9679293651905605,-8.573784234320454,-17.35981456827044,8.923455849305448,10.09686382004653,-6.2222001458044165,14.543908583129927,9.985000530233371,-2.1047842965257093,10.27093450248662,15.0588158218358,-0.18574155116312233,-11.860691386487652,-18.565534972417474,12.32192824814053,14.220167911484896,-20.276269917184123,3.2291610136506637,3.716013277542272,-5.195161908567625,-5.070714603685053,8.367707158782483,-5.539774895905892,-5.8755891021171855,4.390383478171655,4.65587918354754,7.689651080043214,12.604625193125539,-9.536387263413978,-4.319447386906066,0.02215565919394455,18.610362497870604,-12.761236071094903,-1.5328165066191488,12.507295034506162,6.615788494170241,6.741980611282372
15,22.78118669522913,16.032425720271263,4.249758834185756,6.812637582811431,1.491018424857685,-3.3172783955368956,-0.24396975649165656,-4.800445147819239,8.314407094893019,5.091706782677782,1.4164575298998183,-14.635702176908845,13.74661633023866,0.13460773699686943,12.104430465524178,0.9377188047841336,-12.108397530547768,-2.413713330917236,-12.140279807733915,-0.4774238555873669,-14.603540882251806,9.649466276374678,11.852922607549253,22.78118669522913,-10.779911842309893,3.313235882686169,-3.2242846639159555,21.653440227062713,7.774246342342801,3.7300410702287445,5.929264065401316,4.9087168161585994,0.009069083323377717,-0.32334785133218813,-35.31045473691396,2.6532785631509244,11.698650904025117,-9.1197191138607,14.945768285767896,7.327443108738501,0.5282773862017952,-7.3692308573631715,-3.8146497284310454,17.09051194923747,1.0133245103936366,11.945659409165163,4.753008400365754,4.833575672955817,1.4120465758492102,-6.494805621461149,11.90076458161644
16,31.148101029738733,1.249083804173712,5.431436390940042,4.17155863130448,3.4764515171242123,-5.025965087426709,31.148101029738733,10.98264466723923,-9.366825490037417,-11.523428550825326,1.2596192676812556,-1.6055114940791693,-14.88009555436063,-23.965917753488014,6.433562744538802,-1.8669910659395816,12.731788202693826,5.376674404321262,-4.296431536443759,15.887401572609864,4.362814358441393,9.561046304742186,-1.8287758474192726,4.3868997024457865,-2.208721667891083,-16.3618290572057,-17.29067314416873,9.653559841223704,6.58247875632842,-9.717658152652106,8.716991630947268,5.56192656992665,-5.418565427210807,0.27826529060668814,0.9287124136918401,3.727783838528262,-5.573723761035807,7.206451534662116,-12.637274917018255,17.327031358178292,3.28410834366259,-12.937714920717172,8.498881626301253,11.898278224861727,4.070556571941562,-1.2163327784566937,-3.590975280344178,-6.481725116149314,1.7472584587795894,-5.5061570538229745,14.075086432073103
17,23.423307529909607,10.64096105350874,15.810232245292255,-4.316860988144447,-14.635541613012727,20.474259604175383,-11.867575625082099,2.58762280205256,7.094321292485844,-3.690615455077486,2.30621430339137,-10.115174634986182,-15.484482082580213,-25.332664456378197,18.26176703486883,-4.477931061916653,-11.45420339051936,-3.7324536689600403,-8.327379128535004,-4.314039583548216,14.823784035870135,-3.68026248203212,-12.769304699590144,4.7810084313979875,7.462682334704085,18.445570647508106,2.5674532469554006,-7.3505273838859955,3.472759985274939,3.823412965538275,2.4856278019904208,12.144036553808984,-22.311793598385083,-13.29390485617131,-7.017122443467247,23.423307529909607,0.7256952128779592,9.891541803568511,-3.7006946927394058,-4.91505646988181,15.43658333167347,8.854064482264903,-1.8217429678691741,-10.019632349269937,11.71056268819316,-12.751646773785296,4.24052305757756,-10.963254467210179,2.6359382431921317,1.3346467797771702,-2.5888838413963233
18,16.070719973827405,-1.1663331216580168,-13.884913571475511,-0.07476926101668274,-11.834930465999774,-5.867258029439681,-16.944251802954458,-17.537320539120746,-5.63381634302025,9.924121720363352,5.856648892373164,-15.390566740557487,-5.030286812847706,9.557487025810419,-14.99448537799912,6.959431016991466,-0.5044737722630661,0.6195523058229625,16.070719973827405,-23.20127491201189,13.38429956306318,-6.818045068125432,2.910211421485937,4.218132698558445,-5.818840888210458,-4.520054534638159,2.879979294318003,-1.9665695344189635,-12.387264560669024,-4.333796833546584,-4.6448808983691965,9.363427385542538,2.385344031423416,-1.7984912818820953,4.164837956010609,0.8787174303916638,-13.109913598136803,0.17254093939696263,-2.947975182968544,5.3442417751626135,-0.19549193596455863,3.192139909139719,6.821343501096598,7.1753889459637135,-1.721605232183892,12.33577793770895,7.051739673580691,1.6222628697472405,1.0948526457846055,3.0470480137740186,-1.8393909271649571
19,15.228941787590152,-5.221673178886389,-4.286027303855408,-16.90049795648254,13.300235800441968,1.049933786613832,-10.353524240227012,4.2142412012949455,1.3785512595912264,-13.06734150604232,3.710310651110392,13.303822084813987,0.6327305887912542,-7.589756962386176,10.042648004082169,-4.407177404521107,0.9009231571413557,-2.7408186302402484,-12.745521134655549,1.7099496372214387,-2.682234523645718,-22.648240833375123,-4.743585902095015,5.658047919617452,7.2454895756693,12.276757617410414,-3.10017419990671,4.335749368854584,-0.9865004119700196,-6.537580968710159,4.537926015618516,0.463506667194191,1.7287446260293318,-15.18970584135291,4.206244292184547,3.951553176046945,5.257613803952886,2.413600571921638,-14.09258779055262,-5.933115612291897,5.175463589161722,15.228941787590152,-18.519845379066957,6.199467907377211,-4.1726889493208805,0.3312242084000606,-4.301196807160433,6.90139847968208,-2.539263325397581,6.608002247940331,12.595775775951665
20,26.837798538518093,-10.314692658395426,4.676738903857004,3.726140098472355,-8.623662264913467,-4.698958987385915,12.123398434339077,-4.467989489670618,-13.6640669747087,15.848299878934238,26.837798538518093,-3.1554501816665037,0.09424470236995926,-7.512062873997105,-9.926217703829877,-4.2859846025284805,9.965552929491746,1.9708760946521977,9.471379464846265,-3.110591503738781,-3.5921805802377977,-13.194219018119277,0.7133399644459137,0.24370792266629318,-3.878425207188592,9.931323057693177,-8.422734689351651,17.683547066948016,-1.6657080127940165,-6.928532120025333,-12.885075206997353,-9.224618509208337,10.37108147075756,-0.6930571692423997,16.853213701707332,25.24191031359404,-0.8811879232071678,-9.023932671255464,-9.038449249875809,9.145335950389708,17.572325901675224,6.804348763797768,-13.540557019007588,-5.547345507579414,-12.8239552358019,10.221418018842146,-8.004691181067813,6.262129722291015,-18.926978324292467,6.192681913205753,-4.25905927346906
21,22.454024567174073,10.083437637060225,0.7226715016544344,4.10237824491977,4.785165244562478,2.9204563275952418,0.5092492955559529,-12.981049158065545,22.454024567174073,16.717405790757166,1.215622040318955,0.28380608133344226,-8.164425222422752,7.768820248655532,-9.779651508346635,-14.16508999235379,-8.71390822604467,3.5247384571051468,5.0940195755219015,3.11806144851544,-14.351050024596393,-9.690279995244179,4.875242743304577,3.126031274571996,-1.2601343823998266,-4.469226072464262,-0.7306322979481167,-12.685109036408072,-5.036229865923296,-8.325283498042062,-11.24936292421867,6.451279624573906,-12.460545867667863,8.097845687613773,-3.8785027375073677,2.524242625751487,0.42787388307569424,21.808605722477935,-13.972918087974708,2.8725335915956185,7.1543455255454615,8.70459917435097,5.07715295935986,1.2043787556371677,-7.6490647619511885,-4.1267730046147255,-2.180334078290608,18.813392740651413,6.644915913869599,11.408548948506976,6.159261414612987
22,25.38536031855182,6.727948278637551,-6.865178942738427,-12.26933198205205,-0.8979212287214967,1.4527549835449458,12.4348501994882,5.863366736886864,9.085397724278168,1.0305818912575186,-12.709353634544467,-1.0193273416351718,25.38536031855182,3.9816340833034687,2.058468565460997,4.943294328666258,-14.528887300873176,5.106295726468025,12.215806402380256,6.562380505711575,7.0719084347226815,2.1042712034497675,-5.9688158389243355,7.532482666716732,12.100889734725564,-1.1422991562954672,-20.89715407165423,-4.970017246931652,-9.215047334605243,9.897084061794112,-1.0301456118359869,-3.050039366726365,3.039929214877649,21.205507035736208,-6.34134741763137,-15.091592749810019,-7.160346157681662,-14.171749375947513,-7.41809125842542,1.8627426551028394,3.073159748260106,12.439656690788839,-0.6281850944516976,19.196591686583268,-5.053501793659136,4.017826123808367,12.014065172378455,-4.96344405948726,-0.9147851242468172,-7.679420163795937,-3.3068503879794346
23,21.142120572595534,-17.551668785679595,9.213694522093652,-10.950557091374986,-2.498332354263755,-8.446875454319539,4.537869450332898,-7.998256626976911,-21.848752578946296,-12.675257375450146,11.357479058021484,11.02682615952196,11.063334878906897,0.42901159257337407,0.04717530209581629,2.4861282620120657,6.761765500539836,-8.042210572812383,-14.317113628279035,-8.231642119081032,15.204822630928623,7.609362015405436,13.530528595313884,-4.721482714880763,-4.288333396472932,13.127803882512517,6.919229882989671,6.168280529985138,-3.2832981912130914,16.084599588988155,-13.134717299682968,3.80247980894785,-4.911773736047616,-6.403364622271828,-3.8421673733097474,1.997351166956647,14.065849060096445,-6.106245056495849,-3.494624954996102,8.144242973566673,20.26964039651947,2.153663852041306,4.288797207425995,-1.0226821131382866,9.986847820400012,15.223260981017956,21.142120572595534,6.102388083790419,-1.5290787282176235,-2.479270400793391,4.806210846599073
24,21.442793552483174,12.239453040920887,-4.6291494280626475,5.546063861879934,6.555538510792399,1.5547517945086806,2.0291595905108677,16.844928659698127,-15.329725947674275,-0.4152309304050398,8.403432321609385,0.029774546792960887,-7.050996847439247,6.144108077822654,3.4008501905368527,-0.10125973908710763,21.442793552483174,13.299588580788242,8.378266166918841,-14.131676393921895,-10.633599216293007,-9.44653187599271,-15.29005881646077,-8.509047781920302,-0.13933415057726423,0.3171876711042388,-9.689925801647716,-0.982855197352666,-12.68219159672866,-9.20534496637282,-9.263861855054714,7.460426936254903,9.702800444944796,-13.464908750573581,-3.751468958799038,18.97769635181885,-9.161822258876684,6.795912637070075,14.184328214634526,16.584864272508177,19.52747384982476,2.5579185767617862,4.249038410194918,-6.262849490796846,-9.64985027648136,-0.04095379441998276,-0.1855832536524688,9.926666758971102,-10.796790045075035,1.895782189207532,-14.716827321100986
25,23.022229139956877,6.747765417281807,3.4371820945198857,-4.71024697096419,19.254718684247212,-1.2225252879203592,-10.473072328603681,7.904160237535734,-9.014477834229309,-13.616585553570806,11.092344678619643,9.577648476930529,0.6719249576273609,2.2401102834960462,2.3198846702701905,-15.235293985690836,4.975852025451927,10.216290696025748,-1.0603041280573906,16.417657513859606,15.538181294239497,1.7831041036901896,-7.178116024905933,-0.04236535649746181,-18.987196293174943,-14.250031173809122,-6.516621723224811,4.826575825615716,23.022229139956877,1.0596608728121666,5.298678801485397,8.009289303314308,9.454060129035858,-2.2491342761120867,7.175453654341389,-2.215573054298205,0.5234944796407268,1.605819797111374,-3.0271429722110343,8.628016020240922,-3.281345197037773,7.886920706566734,-7.460773071518711,-11.094504956660014,-1.5616138784251776,0.2904619304783906,-4.862247899090958,11.730459443773393,5.469668234895479,11.491766839543887,-1.57021801721401
26,28.916637130334696,2.4263246405879872,3.846512821070556,-0.5269962061503921,-2.271442259318143,3.283020707567967,-6.465269636969458,0.7046019690615228,-8.46957224712998,-1.4240470401688685,0.6606843535372696,5.106783148286974,7.516055259503056,5.7179523144279445,-3.8364049241910507,-9.144924760249516,-18.929667950385195,-4.814156771854823,-7.160004110429288,3.466374621608901,4.740100809557416,5.731689634362551,-3.280187623649295,-21.042034181516716,3.9587822487410063,28.916637130334696,4.145784663143152,-12.542466582230581,-23.068296156829277,15.036018357351503,-3.891757708815179,-4.581648490431407,6.220339115674006,-15.677471814416414,-9.63330500589431,-4.393126813056375,10.681884045414202,6.444459820869754,-3.3567029348599604,-3.0191722619580452,-20.700245327644176,-5.869482352136586,-15.600521424156497,-3.27992369280964,19.574576725367187,-9.373735533133885,-7.38750150381133,-2.1920800659832618,-4.901782620144866,1.401600453411502,-8.46426937362281
27,15.651258667074725,-0.7208583131210415,12.190842915773072,-16.44881766922807,-2.885659245303435,-13.617311518794786,5.324911664562624,15.651258667074725,-3.5247959640603757,12.579437181446078,-12.812919958777512,-3.021850999878536,15.198149691732052,13.339601480862948,-2.7602360424402987,5.632476279446976,3.149219728375188,-11.806105626180994,-4.446148917104243,-2.790810099963892,7.270209545798453,4.789271500632431,0.4550723344197593,-5.171144933821471,5.634304582778348,13.153189311705226,13.395684939403175,-7.469333784719395,6.929979125558519,-15.511454001308438,4.521229250045771,7.567822342301329,-7.824734826115435,-2.0397167925685196,11.573882842872942,2.447768481472329,-12.172362451463329,-9.82541961825534,7.739442145263414,-6.988645654739591,14.818969263935491,0.5132361546050327,-1.0049412392203956,5.479938565327181,-12.656125265421734,-4.379130864130148,-2.199484305518059,14.564043411681997,3.776104808289338,-9.741797968909395,4.869481066796245
28,23.511871802835746,15.574819058762737,6.176128863645271,-16.826615901206917,4.296234627967076,9.039646327384892,-4.939751882542179,2.472209708247445,-11.157454705493457,-9.593723423570374,-9.632457088466085,8.62627399655569,-9.476950951011654,-3.1283962213243584,10.371437791078755,-16.669560126903363,0.11403788352112391,-6.7762855125867425,5.404947968467483,-0.2886738300458895,7.440581297623464,6.3253157617042355,-6.5050989982987515,0.9527586867621998,1.6101339584464527,0.10954253708199206,12.726291858416928,-2.014690233994404,17.803753100764517,-3.426986855546782,14.527130682215361,8.981955995296149,9.934349938231481,-13.65851954437278,19.329610363864113,13.15204905606683,-0.5400135435498259,23.511871802835746,-12.127128079250662,8.230333863820139,2.1069890612061104,8.75935761038744,-6.562155731887721,-17.189204778328847,-2.5506804357489,7.372694465131945,-8.013421306685807,-2.1628260985998677,4.904258014085932,9.783718930423323,-10.063944642187021
29,17.929851730043744,-1.704376881240003,0.6118113113530941,6.929199822704989,-10.324803769919388,-1.295440480522469,-2.6174721936318663,7.771826895332406,-1.9565093935938975,6.904512559681448,-10.65348172962306,2.798725178358769,12.03347912986695,-5.79543630298613,-8.409242172800326,11.138047448187148,-12.019590804312962,-5.463208431156868,-5.470763131076995,17.929851730043744,4.1829289940047145,-8.401927538303262,-12.226589058111724,6.159855543380225,-0.912884339598147,5.905441543723244,0.890035627286782,-2.1898076412267637,1.583863074233103,5.4743718849469865,-8.307825974854186,6.110564329009897,10.338642392788802,-4.877483623940815,-2.389376697051105,-20.52565355030399,-4.904832259409167,-2.601902945749679,2.769128538754943,-3.453947548137398,5.475053211529847,-11.470059125577308,-12.8468881338198,8.123701922837736,-6.513954255577904,-14.811664230216861,4.5818184266034345,5.759471420412544,10.845355044540131,-7.009892554634832,14.644744486012168
30,24.03177789536613,5.6906461920893,4.978332883544951,2.5567767189747714,0.8899453317073648,7.3420525319199665,-11.628463722340125,-0.9321614943197072,-1.5581853057093922,-0.5076950226384179,-3.624554749674456,-9.82984935262502,9.575605162980246,11.321486364905056,1.7814319769073466,-10.216793383707273,-4.8046202136555545,-7.619349604366215,20.516109173645447,-6.278241810603897,-3.0155570450859748,10.783861446306647,3.886455560367086,-9.5457798387299,-4.673375935901678,-16.598326317389024,20.334587877842498,-13.05054639332363,5.585240052226686,8.4222581917882,9.251461951237133,-6.469969813695522,4.905443329696784,0.0054786075057689475,-0.818918884595708,8.299907812050213,12.38302228579769,0.9098411606707277,1.5780418607089464,24.03177789536613,9.306534585393155,1.41227016551347,-8.286638775428358,-22.23194655099086,-7.441859025681655,0.22154906593328585,-25.080733724383034,-16.20741503552701,-0.6959763758514419,-1.1903222993974223,-1.0207872353523963
31,26.078242504696448,2.1260056399879264,3.179500262043832,5.809782067610253,14.720788257521836,-4.3605633765775105,14.626761230490695,14.52116537499001,26.078242504696448,4.379431543735517,-6.402307267255472,3.4322134579831074,-0.5133322636966561,12.961218214741162,-1.72474338741704,-11.613452270942918,12.821682146874009,11.599102689595318,1.2574025260916277,-17.107912896949294,-11.634579411914888,17.010088920988895,-19.108802854410023,1.695780628048007,-5.191284304127516,-5.468060807320755,0.6831783702375694,-1.1584766675335796,1.2011499095256137,-9.063815739019978,-14.877743498179246,-12.913579320426564,-5.761283957160667,-2.0128111580436583,-0.027484737591298568,-10.302382210034695,-6.609727059622715,-5.706975864656832,1.8671771843665883,-0.10102026284094846,22.63372816082685,-0.6757689539984248,-7.789300780554846,-1.9983700155976816,14.988881415406789,2.7583913782066722,-6.921736544039236,-0.9471268172761566,-4.462333105702138,13.622818715747943,-14.295979128432656
32,28.296035286979393,-0.3119230114745054,-2.4092911712586487,-8.798236103677029,-10.65554081029594,0.6601472404469831,11.279115222029063,-8.746350745547769,-4.869380594202012,0.08077851906128904,-6.23424704717102,-4.202068827605176,-4.052337706126666,-1.2903663725118897,-8.852541284227057,-20.81075267410342,9.805916721664406,-4.842544058528844,-0.32756354102140645,4.384788081159507,8.386731859831977,-4.433355827751752,-8.715941919902283,-4.889958620608815,-12.125667064245746,2.234740138238334,-14.366365134694298,-8.957674024890183,-1.2828844453544683,6.876711265194641,6.983024629011561,-5.6845814522445774,6.3542382237268615,8.95103934599663,3.212617522101044,-20.432428994537432,6.584930722617056,-0.3392928170376996,-4.210391633900657,-0.7011085731823663,-5.9747381603186165,9.794753446742634,2.6231284863929187,-6.151532017284056,-2.540808335134833,13.94523937338387,-11.296371830101755,-31.12886209483274,13.311799688725607,0.029648344379477845,28.296035286979393
33,29.7029900204943,8.383825686259662,16.426309388887404,-3.3015474866849903,-13.941316270201337,-1.0516982254158391,9.813829211435843,6.734729485253298,-6.322776998189972,5.167530664622548,-9.861781668255508,6.327370806698052,2.8507604775475777,-2.8400272107639384,7.811890542249583,8.543938489254115,11.79696294320049,8.726246419894707,8.590717749632104,0.9864021677681349,-3.448609295636591,-8.079514263442121,-2.8867567764594666,-6.387847430023306,14.442909343497487,-5.148276381352411,11.677020902090376,-3.120940383384529,3.291156773560777,6.8622582123608336,-13.35336923421918,6.812453568153084,29.7029900204943,11.325895055802542,2.268929419436218,9.349823199590304,6.641729432007171,29.269254800334817,2.2847016753498957,0.3240090103236315,-10.794491078612685,10.072047050835991,-3.6463771089117047,-1.1184333113097813,14.65152339871356,-4.255178013670998,-15.734071234469926,0.16989053703849397,-4.152409784832515,-4.134346339433544,-3.223502403501785
34,19.73684236962307,8.820323915228034,13.363889262828136,-11.09113814355868,-8.25455762122521,3.265213862908662,-9.061706317663202,-5.672212565813739,8.356796898131874,10.615784344874736,19.73684236962307,-6.34788968570252,-12.853985481879693,3.4567463339436486,-1.8196514917843785,-5.487257253993124,0.4781241113248183,-10.048137588432729,-15.945015734862732,-11.709510138743388,7.8913982248153385,10.27889475486841,-3.135641512060274,-3.780828598075749,8.077281407320207,5.637833398791314,4.444396245406492,-6.088682561227985,-24.63386384365444,-4.193672718420381,6.966383604814378,3.2752234077214757,-14.444790783701487,-1.5468854909368641,8.333836884689408,12.19307941486975,12.319851734982045,10.216160052155894,5.748958720485955,2.2820882046937014,-3.9992385208595245,3.771865773126004,-0.7937544970101374,10.411771987148356,0.5901294475826395,-0.9421842242322289,-20.511263311169785,10.094167137831763,4.600525142949435,-8.66242338410039,5.520555611836755
35,21.80713691142094,0.5630472117194778,-1.0732580068307287,-15.417107417544116,-8.792694569832443,-6.871470221994303,-3.1957921098640387,6.690926628101693,16.283396947916536,-9.038955910000897,5.355174106912886,-4.269792831126734,-6.709840650730122,13.924486331460761,3.707089272339835,-8.00621008597173,8.90621230778256,-6.355247200517332,5.231238143560039,5.9618409794853475,7.635669056322118,15.234219159121272,-2.861911038770924,-17.317140487282007,-4.3333184415228,-0.8146330866049912,-17.71372859013416,-9.980083276984605,-19.610544483741695,-11.022187830604462,-8.316233511438343,4.166620096818377,4.698789023118903,1.3393570549336968,1.3093398432353796,-12.954729094004984,-2.0245108011344835,-0.6335771089923354,7.316655223304887,1.1227633502377616,6.125174712591059,3.57159293813973,6.929678450907178,3.859496835407858,-8.41881098996174,5.820168607182412,-5.890607748883784,3.0295028950689176,21.80713691142094,12.91894834203755,-0.3219485341728825
36,26.362756574686227,-7.095472610982768,7.5878151790984285,14.456131507354078,5.303342296759189,-3.723731629616104,16.571340541354008,9.51659954071262,-9.112830216008899,0.8800764008869066,14.138422155590384,-1.9153601434438259,-0.5140422515844082,5.94418837741869,-11.01277797263288,3.8466072286109028,-1.8951510956577464,-21.537468257963738,4.082263683533203,4.697736119620469,-1.7354358696839942,0.0417004701714427,-2.5236749471706594,9.491993907356091,1.0985889314890838,7.255236396149666,2.385431462204333,10.654123302900977,15.17510937530733,8.647652730475796,-3.424324370996435,-9.442433078477206,14.476339457999387,-3.2565936516412886,-12.772638903941989,-11.72450654727186,5.730438945047416,0.6641285688550287,16.99761745367444,-10.034744715343159,0.8351087035898672,2.236401488088639,1.4609056690752464,26.362756574686227,-3.197496867514852,-19.10358851487576,-3.2642878182404496,5.352160004536923,4.160483169390235,-3.6833738534921245,1.5674213376132518
37,19.291118018108236,1.3842304397521,8.950095779568327,-0.5545070271245971,-3.5509359372696214,7.870507315463157,6.0945859378196925,1.6749233427947294,7.2222790424196575,19.291118018108236,-0.6786773296727876,-7.286221111503232,-12.679828933626974,0.7749342665713961,16.66057018727138,-3.2809568949120385,-15.625313454964147,4.9823987346276555,4.807572046808886,2.203021297648558,10.290353176616465,6.335599833668855,4.215671596875584,-10.804691750461895,-0.8008159272436814,6.622123964496897,0.011998589274526142,2.4330978919480915,12.771319041462172,-1.0555380545369921,-17.385676891128096,-0.3327428339957099,-2.721353196128237,-4.946486468620884,-19.9383547896748,-15.119156234319886,-11.777998820640212,-1.1963100445481372,4.724527572502781,-5.145749486690541,2.9364930483456324,-15.101328483409064,-11.087040486743614,-7.491052468173677,5.869191746332732,-10.105861175319209,8.009505405587458,-11.260105409399815,0.209484664588046,5.490465777928909,6.175253255910632
38,19.267482009697954,-4.596057531773226,-4.766397157846731,1.5926775709905439,15.736846843884724,3.5815116319929814,4.692373842385123,19.267482009697954,-13.90017548712642,-1.6253912136704964,3.5430839418693467,1.090071964259864,15.370230367416951,5.59132618780483,-11.67231212130217,10.643818042433306,-5.5891164864100435,-23.170869144473727,2.0208964794102595,-7.055910727732956,9.379635575378586,-1.7711234705667196,-24.399427320257967,9.721540108792869,9.48864521299263,-8.992348668571744,9.564405565041591,-17.214016918146864,9.648564281125058,-3.278083714562652,5.445233989185705,5.496146710860486,-3.9334873877819474,-9.624052112788563,-0.9729916527329086,1.6100556531903756,7.609391058789914,-0.9837340353400269,-3.353233137768499,0.6727778165768795,18.252576755239485,4.760587515277963,14.790710351715312,3.0448831664346967,7.352376365227192,9.089607601598,-3.2171051769197154,0.24757046955419243,-6.179311595901479,11.829982418404114,16.80933057673744
39,19.714022480582607,13.510521003214635,-13.057705652288622,-0.534195818858016,0.5992243045494616,-19.12450230075397,-16.16098995666864,-13.930995237313448,-1.3285506178210327,1.2526810781602404,-8.984607285051995,12.730540426862833,-2.827049527513042,2.2958977277523536,-2.968328477021857,-11.604691334402585,-3.8082647156238805,-4.384949292269152,1.8808948633938782,-8.435655177479973,-15.702992098351803,-2.809421540271084,19.714022480582607,13.504185898031448,15.071527744970352,-4.704022326567539,10.578115521938402,-15.449596515782806,6.47857865438724,12.731476586926544,6.487431392120298,-14.145607544959372,-4.7439835094019465,10.674653095395236,-2.1142697644247446,-10.832729182038115,18.011234560143492,-11.297751337974413,-11.873219273175081,5.094624015074859,6.511275097285872,3.416111805636686,-16.885404568645345,-1.5983659586805223,-11.361380192843814,-5.953403219821026,-10.712603274082063,1.482612786184654,0.25783043607280454,-14.823395861619243,-21.987736313281523
40,23.651134996450132,4.319454331987268,-4.450901757660337,-1.7959621104138486,8.142068253712802,-9.016235849329577,23.651134996450132,20.202419582863932,-15.262705722758207,-2.2862586666979836,6.240066851113527,0.3474649211508394,-6.965433829268575,10.444229604038851,17.626020932803133,3.4375642356464544,-8.088321035738526,12.81963960739448,-6.482501821607494,4.628870611242011,-17.576992494571225,7.514522854151719,-12.821300902702317,-1.8912108969755033,-7.179486698330889,-7.787839996957096,-1.8208966297111293,-4.428182292605967,-2.7293676273126,16.66482735104674,-1.1077102424234633,-14.340287746766812,-13.809978843238717,4.104913487148656,-7.354901168133285,-9.21637370991864,13.651938499677676,-17.876460089513465,-6.159870348339679,-4.864544159248863,11.745000519437948,-6.019400262326711,20.254816666457653,6.042584202995652,-31.75109358673581,-14.79587712255107,0.4325987456359055,-1.9585548949560947,1.8235499858161015,9.15447042226928,-0.8298915111230469
41,26.37009701518061,17.681480953598196,-1.7576747263317551,-7.579383588498451,11.209814642266744,-11.736021104922179,1.2451754398481962,19.11315123495809,0.8154395179286316,16.506170116540268,17.32792874582597,-0.6293960112548392,1.5103305323529144,9.111508188628616,-8.064540832480859,14.647628170072377,26.37009701518061,-19.3471302126294,-8.11234906306876,13.313427921053343,-3.774184256475693,1.592905421554521,-5.212497280280189,-6.214255455215509,16.292224245106123,8.793531385390919,5.471812576244258,-1.1663815010555398,-10.54281326491305,-4.5864420707603815,11.59734073260729,-5.369864751007963,-6.77815051969787,-18.77808746243246,4.007819765196486,2.6479294027102496,11.501734075739732,2.8776054202828085,-4.810153883080036,9.766262565174081,-8.239688271694252,2.7914489562831886,2.863703517756568,5.547296774438867,8.929333371157,-7.176818342442792,-2.4626348392903505,-4.159468325086845,-16.645108750447932,-3.6718785462974983,-5.256502479300355
42,16.85828655620789,-5.922463373416255,8.049245090460321,4.7496778707201885,-9.852661622169133,-8.217023797175205,-8.409895384598308,-0.022811174608101212,11.83688123912322,-5.5501866897093475,-13.662502800901471,10.343949166032601,-3.819693122923721,-5.108341642193843,-12.212628447881833,0.5746961838902555,13.051748870012661,8.36281056408639,4.985592700256676,-2.2047832172392177,0.38776485019869644,16.85828655620789,-3.6516660115259745,0.8583372270813485,10.497348439771002,-2.321469197711429,6.722833989718755,-3.6373726025045823,10.161076919237308,0.018155695351286853,-26.76158311875932,13.018328034353228,-0.5154319386209636,-6.4895440657732895,-16.35955982451769,-19.75641159159361,-8.998600533725057,10.036733289309934,-12.775423064470768,-0.7916345343236652,-9.245188239475441,5.087902043749397,2.26052123162097,2.741476014497371,-1.7738663600283444,-3.519593529257624,11.119298848378875,3.8849913610119415,-6.094214664242074,11.805673200243481,1.6860133224287055
43,17.10045717349998,-3.243073202273374,3.593506799552595,-21.859932083872845,-3.155393664892083,3.595321045890053,-0.3457653353493855,12.775920871380663,-4.70521797173952,16.537770692261205,-19.187486297565304,5.682932217032639,5.151421017796139,16.86759933815172,11.804075368518095,5.788111732542269,-7.266887194387584,13.15630226379078,1.7442789748006915,-0.5695261155091713,-3.3157145552375544,9.48913669728764,-8.45732522868238,5.874238644472335,8.373496838665616,8.331708499353272,-2.6966556120761527,17.10045717349998,8.94890624185127,-3.0460672107857545,8.382746216132652,-10.776083067874495,-7.067868732699022,-6.8519352706602135,1.2453784976130933,-4.9969876859128215,15.578398625793703,-3.7817104045571277,-3.789527270370821,-2.871371024875515,3.2755817057367747,-0.02459844436919071,-0.06744647023882773,3.0519461882668377,3.5632364753092736,-2.8312010331650517,3.4540824944638477,-10.556679007868631,5.163370527215524,1.1865369227344795,7.150914279037894
44,30.872475913823514,-2.939883841195172,-6.174641367036774,-9.90080414077363,-5.298669436279021,-8.242734956152134,-4.4101559485182795,8.161946461739376,-6.9391442229082445,-14.855377712216475,-3.4175549915986005,-15.635289108532021,7.145785083060693,1.0911289842626928,-11.284076166667043,25.74435487034817,2.016799123227727,-17.884655056754514,4.863819920703708,1.2414110045138056,9.266942385983198,0.1393989359351688,-10.059690835183392,6.079435613214671,-3.400636524522485,-5.562536128744393,-18.022061331847173,-2.546324716688823,-6.213487670402857,4.6247610754160196,-9.470275892612552,-1.2969384466700042,-1.2320464324425977,0.3357116204256269,30.872475913823514,-11.917097513406441,2.163151519828625,3.688140517200391,1.07025508161317,-3.5025723912381594,8.879072716160444,2.3350375795947125,-1.2846740036242519,8.333357348812939,-24.42083086659682,9.795563695040482,-4.551661347809493,12.084438926032375,-12.347196406833792,1.2992934295118106,7.979247571844992
45,27.107966710288597,-7.713252885961841,27.107966710288597,-22.36925718835454,-0.15803149525249038,0.5231584170983826,-4.903206119791607,6.842520828619944,-7.02250544348748,-1.718795203809311,1.8074368798305431,-7.044194548726547,0.9830730755611506,0.36697676704347837,-12.660480484148051,7.883615983063429,2.147096349796414,2.819552226739922,-14.923927007459625,-13.58393964704469,-12.843204813359566,-5.5374160357490005,3.8217210236294297,-2.2097787404487077,11.314580283397841,11.226220230780603,4.62880828860229,1.381931472645907,7.888180967110784,4.329601540259278,12.911497955973974,6.812076223766424,13.914319203493633,0.22120438570030074,4.710301601106328,3.8604995708774306,-3.4167501738367614,-0.326185472215803,-6.931636216590587,-14.20749801157763,0.649550762254901,-14.669354228716314,-0.5485320677730072,10.898924085811144,2.999999999483741,2.741326365766028,10.388333207219155,-8.331508754618174,-7.467280913195596,-5.782843920962781,11.625283197736794
46,23.483263344678832,-6.239344141286899,-15.27353596280747,-4.02349938971314,-4.451887244820054,23.483263344678832,-0.8649029865704114,-0.7197618966361028,4.067875991954585,16.33337005519341,11.25273795202661,7.282599477202863,-4.259309381329018,13.024602780191953,4.32013622810122,0.7304717829227754,15.395172263466915,-4.594155653294511,-14.878919260673346,1.7536703033743972,-7.180605589504886,2.9283069250997795,13.998847102149597,-24.40376302002566,-4.563233060640741,-11.370307203330263,18.499054849642004,10.533378191626124,4.2699063255301075,9.30589145017943,-17.284692521286104,-1.199017555120573,-0.4221227795113098,1.0741491853141425,7.575749704726037,-16.28206911276172,5.634792842814864,-10.242772681631951,-12.957723140901209,2.6717034577811956,-5.218996874939301,-14.194068475588297,-4.179920435169483,-3.294538840209238,3.415469789198931,18.87808395948551,7.630618307142245,1.1908985105347611,4.701774965409909,-8.028871366332195,-18.35409797149073
47,19.47557746879309,6.093885325049025,-0.8347114721519227,-0.0596754006009987,-5.804800772616541,19.47557746879309,-9.14791291464225,2.617338993412907,15.623892594729924,6.052652619949318,-5.647614874345425,13.580692655353308,1.198850256510234,-3.6133683879314016,-13.71415198772426,-7.925860141609819,0.7037084976652107,14.830889794747925,9.507677756743332,7.253381650690637,-0.19667773287432283,-7.858195406079407,11.044557006168388,1.4937781610431866,2.512235244829287,-6.431031493009346,-11.824214308354035,3.6131308059894818,-3.90346545617479,-2.046347579144422,6.644635423804319,2.6744017357874874,2.0423662744780797,3.696968491970959,6.027878748231653,7.260668635129156,-0.5642123666684713,-5.8928151599968706,9.091304578194976,-3.314161247030183,8.706126145776924,-16.897495201298998,19.383315606593317,2.1749925452006753,-8.218149140272569,-5.09999353022626,19.16146575398332,-11.883566596291523,10.556102874193531,9.609180733216897,15.558291750580661
48,23.856546279392113,8.753878861763031,-1.4742790636966956,-5.131834824869608,-11.130519034196865,23.856546279392113,-6.966172759479124,-9.235478674473908,8.146588835861253,7.579038068432743,2.822543233003598,5.001556278828892,-10.01831282210394,-12.42817497280059,-15.193001476454334,-4.490184730330994,20.43956253918253,-6.620886342659839,1.7948484750773002,18.27648866241862,-13.244855463164862,-4.558837629979091,8.75718476702387,-3.9063837166895894,-1.7128385224097007,-2.5612042798055157,-22.755519882970418,13.310337488225684,-26.572610621133986,-5.418639233792445,7.254549546792079,-0.38798371905711204,4.621896757394802,14.22901133240355,5.500225884097843,15.036332059418793,-4.415996681373042,-13.046814615137068,0.5567346233331141,18.06960564497426,14.407967594712217,0.5662428721763526,2.285124106428379,17.675411668367822,-14.04300940614785,3.7288203111394487,-3.8666922497008356,-17.823656747583495,0.8234803238490752,-5.455284145492164,6.026965591118624
49,25.825938725893568,12.304308358407901,1.1909657954693011,7.131027982382204,-2.504322633049151,-4.489378112728156,-11.045429624253323,-12.284672013590097,2.0946484310857825,-1.5846076272250778,-6.487432800412083,5.053543768731998,12.958137633695008,12.413731882424859,-1.3005164484113771,2.1444978068284954,-16.801460091941124,-0.6257948363378735,-12.901830512514373,4.848938155195857,-0.39040850223300094,7.855060826830477,7.224092525228521,-10.79440327834584,-4.7578970319035365,-1.2848029025474124,-11.975978522253781,-8.759713083136445,11.79326545190776,13.022152938744656,8.877932840538634,-0.3416606016776559,-0.38991755314691967,-8.63263770576063,2.927491938092266,-13.264534961673604,10.631201581227643,4.84065412044708,7.457601650364612,-7.703025802839973,-7.103880808601904,-0.16797922624355813,-12.263075542003175,9.831746957910374,-10.336708462111236,-0.549447117037603,-2.8767140801591196,-1.9145789516035836,17.45364891849835,25.825938725893568,-0.9669355508712636
